100126474
100127904
100128181
100128523
100128568
100128655
100128712
100129146
100129672
100129878
100129972
100129978
100130100
100130229
100130509
100130565
100130660
100130832
100131072
100131131
100131189
100131269
100131340
100131371
100131788
100131899
100132092
100132321
100132575
100132609
100132807
10079
10158
10215
10218
10221
10253
10276
10335
10491
10630
10699
10863
10970
11010
11202
11326
114548
114884
115350
115650
115827
116328
116362
117144
117157
119692
120935
1235
124
125981
126506
127077
128239
128346
129446
130120
1310
1317
132204
1356
136242
1369
139081
139212
139542
140690
140707
143543
144406
146225
148281
15
150681
151516
152065
152404
152816
157807
158471
161198
162515
163007
164592
1675
168667
170540
171176
1808
1842
1879
199675
199786
203100
217
2184
219447
219654
2204
2208
221150
221184
2258
22914
22918
23254
2328
23423
2355
23783
253272
255187
256369
2568
25780
25937
26136
26287
266
266553
26696
2681
2774
2788
283025
283150
283358
28354
283663
28373
283748
284266
284900
285622
28908
2893
28996
2998
3002
3005
30819
3112
3273
3340
338399
342900
344423
344561
344875
348093
348738
3495
353345
3570
3598
3667
3782
3792
3821
387733
388015
388512
388633
388714
389874
390857
391114
3912
391269
3915
391584
392390
392426
393076
3948
400709
406883
4184
4239
4245
4345
441268
441644
441914
442075
442114
442446
449520
4610
4619
4629
4647
474174
4853
4923
5026
5055
5071
5079
51146
51222
51280
5163
51778
51807
5244
5314
5324
53336
5347
53826
53942
5408
5470
55024
55089
55103
55323
55472
55647
55872
56344
56655
56673
57190
5724
5744
57458
57480
57565
5796
58511
619279
619555
6258
6317
6361
63895
640
64208
64218
643599
644100
644387
6447
646016
646620
646701
647145
649395
650747
653857
66000
6768
6915
6918
6965
7106
7133
7226
727957
728708
728942
729538
729653
729682
729715
731797
7368
7450
767564
7703
7712
776
7761
7867
79368
79623
79852
79856
79901
80020
80258
8115
81793
81796
8327
8350
8351
8357
83742
83872
84127
84182
84251
84329
84824
84883
8644
8728
8804
8870
8972
89886
91662
9185
92104
926
9287
930
931
933
93492
9372
94
9424
9455
9510
9545
9609
972
973
9834
9970
