649489
57016
400576
729451
391106
87688
728780
647298
51266
408029
100129562
611
100127967
3352
27075
729486
1266
643182
100130612
644459
4744
350383
728509
339736
100128709
202865
51372
647034
54033
10172
5816
100128493
642677
728962
10447
100129915
81487
391020
66035
337876
3809
83867
653492
6657
54035
541468
50508
100128500
307
646576
28974
649288
401703
100129842
767579
338557
166752
100129958
5988
730049
9241
3394
606495
10144
3381
100132510
402057
399968
135946
2052
4925
729950
55906
130813
26103
23066
7070
100129837
8626
100127983
51561
100132073
645474
440792
100132626
283314
114827
151825
168507
407044
730126
645086
100129822
201798
56849
647633
100132780
346653
100131602
57101
