ID	55157	79587	5917	6301	57176	51067	16	7453	3035	2193	54938	57038	4677	23395	10056	57505	8565	79731	2617	55699	3735	10352	123283	51520	7407	25973	3376	833	92935	80222	51091	123263	6897	1615	118672	23438	5859	124454	4141	10667	2058	DependentVariable
Instance1	7.67246269	7.108213734	11.12769149	9.202485753	10.18121784	10.12277013	12.35836419	11.225708785	10.93699877	8.527067524	8.002535343	10.4054024	10.98367433	7.773569684	10.331338604	8.572009618	10.82582957	8.016392025	11.21785793	11.41001948	10.10138519	5.771100681	6.8307089	10.52975779	6.83624178375	5.619861398	7.5649494475	8.6701719665	6.8180915925	7.410580934	6.634612319	6.517095321	9.158850196	13.25344278	6.672782877	10.1173058	12.98742218	8.480952861	8.476382827	10.03126048	11.93257475	Control
Instance2	8.195262847	7.032103943	11.36247141	9.065686152	9.442410225	9.928970257	12.41617348	10.844042685	11.17208697	8.70989467	9.004516227	10.55192478	11.34349681	7.92068204	10.894347115	9.099519506	10.91047056	8.128382501	11.42903544	11.24301642	10.27030734	8.138106815	6.612061707	10.44517037	6.992355184	5.773212576	7.891835239	8.713783424	6.6164794605	7.5453142	6.520393073	6.768328282	9.363494782	13.64744159	6.718194209	10.74006345	13.34055118	8.883942361	8.118657079	9.993561549	12.02694363	BRCA
Instance3	8.176423915	6.743929347	11.6188926	9.061189663	9.705218147	10.15270033	12.44389288	10.563932945	11.3537149	8.845098843	9.520668337	10.36865954	11.20749043	8.523739464	10.6329191455	9.209758642	11.07296681	8.115760429	11.40394419	11.27204377	10.71640389	5.438967501	7.135045173	11.14549296	6.988105476	6.889051006	8.165733327	8.5117252785	6.7589382085	7.800869372	6.3522870675	6.5270815175	9.439405556	13.78618183	7.290620516	10.62715107	13.69898245	9.116110723	8.303599401	10.35987613	12.28941816	BRCA
Instance4	8.881153068	8.072107308	11.69069438	9.075372932	10.32957805	9.674898929	12.7347446	10.85260783	11.77105209	9.565350184	9.260196903	10.20252214	11.10294695	8.055487334	10.1782122685	9.324226193	11.31587145	8.266787858	11.12873886	10.86620503	10.77735008	5.407702206	7.590458165	10.69048718	7.293153349	7.489167837	7.4345854795	8.5319149305	6.6331033035	7.970308868	6.2128762635	6.6194555355	10.0034902	13.78618183	7.439916311	10.8507848	13.80179072	8.800140445	8.616430414	10.45834538	12.15122597	Control
Instance5	7.925556109	7.559035019	11.14476675	9.789998625	9.640182167	10.41142654	12.26503342	10.80894147	10.64225055	8.40009078	8.34245377	10.18382799	11.30927755	7.495377629	10.484209801	8.931846371	11.03306523	7.885118455	11.86693899	11.24651217	10.89969322	8.485629214	7.07087531	11.07134187	7.09810511075	6.702834562	7.859556644	8.940072489	6.785164346	7.930857249	6.450560288	6.3943666325	9.866278672	13.70458133	7.003774032	10.30739469	13.65917147	8.631578266	8.262201898	10.17764724	12.15122597	BRCA
Instance6	8.219968468	7.155959474	11.61973409	9.952283008	10.40186112	10.36457548	12.59868303	11.217182255	11.01447057	8.309761823	8.857670911	10.44585319	11.84160377	7.839520524	10.770094075	8.456345302	11.31639767	8.48631327	12.09367844	11.90502978	10.80850192	8.253411568	6.61574411	11.13649152	7.19565685025	6.089906589	8.312147156	8.9013673735	7.709869293	8.000902987	6.7325744335	6.7593017615	9.989394899	13.79334119	6.462834023	10.02278431	13.87385551	8.278683064	8.595538276	9.732744526	12.35836419	BRCA
Instance7	8.410834102	7.834346409	11.33051934	8.886962465	10.90604899	9.571942743	13.0381217	10.985933675	11.55749974	8.953397026	9.405376108	11.24175993	11.85376385	7.248831584	10.4149549525	9.82934264	11.71363365	8.348994901	11.44938612	9.583572263	9.936402792	8.548755575	6.314112464	10.77656897	7.35380487475	6.825598426	7.2989102995	9.1829497	7.151707634	8.633341407	6.532326766	6.7162105265	9.516695351	14.17756905	6.822287601	11.28858078	13.75810714	8.85945801	7.846933787	10.3906422	11.52544754	BRCA
Instance8	8.102515268	7.382929013	10.82755134	9.534264516	9.953578497	10.38986015	12.24572955	10.608166365	10.86896549	8.023506434	8.548572569	10.57244471	11.03059147	7.865827785	10.5390413485	8.818774784	10.78864516	8.092124337	11.0799649	11.24266817	10.68460862	5.682019293	6.715210855	10.75607697	6.90658961075	6.053769117	7.8993448145	8.3706028935	6.715078527	7.269105927	6.404214398	6.8891315025	9.375289885	13.37131522	7.156262928	10.42373077	13.06629278	8.562396156	8.427167336	10.09533805	11.90965135	Control
Instance9	8.19761126	7.877393233	11.40257259	9.979418452	10.24263856	10.27514127	12.40655986	10.76660432	11.0249286	8.759165094	9.291833246	10.06332804	11.70800194	7.562645263	10.6336621305	9.122000391	11.30662298	8.638129173	11.74370273	11.48354892	10.83114513	5.883872025	6.682998532	11.7044031	7.185272818	6.986129665	7.927072787	8.6855140365	7.165582062	8.004727673	6.6899147085	6.6902614525	10.21367569	13.59313376	7.161361499	10.23164154	13.82037647	9.161560926	8.627160965	10.46466855	12.43207997	BRCA
Instance10	8.034690481	7.925926933	11.11317258	9.905109092	10.03937186	9.93964941	12.59868303	10.815856815	11.11140976	9.04967237	8.791277783	10.65051801	11.50137708	8.04094875	10.702378005	9.614636753	11.07032913	8.435150511	11.89259415	10.85124954	10.35112727	8.022868681	7.123322502	10.80616717	6.9889101295	7.015418188	7.452412626	8.818984926	6.321334851	8.136992553	6.4931417875	6.4003601505	9.315976624	13.59313376	6.970684363	10.43894285	13.35514394	8.516567879	8.595333135	10.55403266	11.92604216	BRCA
Instance11	8.24165088	8.645614417	11.21084804	10.21442572	10.27226269	10.04378642	12.78228677	11.32571125	11.23348204	9.134337192	9.071644113	10.42231215	11.42560159	8.185050247	10.185764463	8.834290208	11.30621853	7.969762257	11.98839011	11.63162057	10.95619846	8.284235482	7.244199991	11.00516506	7.14654260075	6.95878795	7.4854985945	9.1866003535	6.187394158	8.206820391	6.484772089	6.6378830985	9.777296879	12.95454627	6.961915926	10.43397165	13.52549699	8.854962736	9.068416299	10.91120492	12.12850358	BRCA
Instance12	8.151525421	7.378037131	11.13481472	9.370535461	9.809479209	10.19842697	12.55838012	10.81032746	10.69893493	7.915074359	8.682100191	10.2636862	11.46815322	8.046470767	10.588103755	8.524395895	11.27142817	8.106656009	11.52544754	11.4461297	10.35399067	5.557051033	7.018258956	10.9364578	6.849539239	6.239651629	8.2352696815	8.333794773	6.9109323025	7.265289495	6.813031632	6.8033186165	9.474446754	13.40015501	7.107455434	10.55221305	13.29472201	8.76397678	8.492885781	9.730092696	12.01909212	Control
Instance13	8.449201404	7.952247829	11.06786474	9.417926928	10.01228971	10.40487575	12.42106423	10.994372945	10.88094205	8.253588846	8.551997661	10.51539952	10.68752903	8.128189149	10.2444183225	8.911093174	10.87994333	7.600769885	11.36679226	11.65066148	10.39014238	7.827709683	6.814970523	11.00415042	6.9131832655	6.213741562	7.9993884385	8.408256926	7.028682193	7.832955068	6.5744242395	6.432910184	9.305241607	13.24869779	6.926536547	10.45921159	13.34505663	8.725946564	8.643622747	9.738295441	11.76197512	Control
Instance14	7.600769885	7.134480548	11.34599024	8.66437717	10.75842751	10.25917864	12.65857307	11.40198508	11.23756269	8.827105378	9.048433146	10.58989012	8.914176655	8.491293067	10.526043698	9.275193989	11.30718958	7.867095109	11.56454026	10.26632424	10.3854637	4.950948046	7.313837914	11.36785851	6.71145882625	6.176079003	7.8896963735	7.887339048	7.251956631	7.545854737	6.873364382	6.559231629	6.873785904	13.59822064	7.382302221	10.90909074	13.29267684	8.785060987	9.088471	10.34249728	11.59488687	BRCA
Instance15	8.100269585	7.650946042	11.34861214	9.145073101	11.09339134	10.19820901	13.09426251	11.4825576	11.69370922	8.649598507	9.226202111	11.18170219	9.846250843	8.908453514	10.3305443465	9.378501395	11.83486615	8.130108627	12.06237178	10.83188538	10.44848316	8.439977457	7.165387221	11.55749974	6.664699007	6.453563362	8.2344835435	8.748160279	7.227634509	8.061615728	7.114404028	6.7962385455	7.829676956	13.62353635	7.00660975	10.3670273	14.09444395	8.893575423	8.849265223	10.30671996	12.81153531	BRCA
Instance16	7.269456626	7.425386131	11.22396264	8.743741419	10.14225423	10.10402901	12.58378567	10.78892994	11.40144503	8.670816552	9.052718239	10.72826304	9.288924383	8.883942361	10.639916324	9.583290187	11.18170219	7.702624864	11.51317502	10.37600085	10.63789302	5.162201222	7.321795372	11.05015324	6.73020576925	6.804263746	7.740725834	7.977273019	7.116226141	7.515426104	6.768426603	6.7030610555	7.344742242	13.66928817	7.642487009	11.02431225	13.55973441	9.177744123	8.65664038	10.42883413	11.94479817	BRCA
Instance17	7.53572469	7.314993564	11.4325551	8.45323063	10.32256509	10.08045152	12.45159499	10.989522645	11.10864878	8.355418411	9.275869075	10.58265505	8.66464383	8.717266109	10.3290490865	8.917693647	11.03947449	7.893606611	11.2910039	10.43600385	10.2945062	5.290397907	7.414391646	10.93899899	6.779836737	6.505419075	8.2116940625	7.941090592	7.1513184465	7.711014946	6.888489349	6.7939250785	6.933339896	13.7210223	7.371909747	10.85171413	13.41082367	8.872275583	8.471615397	10.73619497	11.6627575	BRCA
Instance18	8.106656009	7.187651778	11.67867508	8.746498471	10.77140304	10.29747263	12.73346456	10.93151191	11.32299579	8.794043061	9.726899797	10.62715107	9.088689621	9.169130251	10.41920138	9.378252108	11.37306376	8.117164017	11.52882293	10.57043948	10.76513712	8.097520105	7.693384371	11.30662298	6.89529958375	6.63234502	8.159683056	7.8653302365	7.273351208	7.831198166	7.0731551125	6.576733523	7.612022762	13.85125179	7.447767465	11.09277384	13.72609363	9.327407315	9.05145444	10.11112299	12.25336009	BRCA
Instance19	7.567730102	6.791557296	11.57100849	8.700908799	10.39899511	10.01863178	12.84903075	10.975134215	10.86957864	8.836035458	9.243632862	10.5728852	8.657381985	8.463688991	10.181824164	8.750607447	11.33767223	7.853326906	11.15959405	10.54691402	10.72311933	5.54798282	7.453355269	11.07544591	6.84996645025	6.74812952	8.275306213	8.1355293905	7.3427258535	7.78141074	6.93895952	6.38670836	7.369926904	13.63630348	7.466547848	10.90246201	13.53124563	8.973504462	8.84018084	10.52528127	11.70501902	BRCA
Instance20	8.480033951	5.797798494	11.42384353	7.703144185	11.12646913	10.81469083	12.56946885	11.288153655	12.40728377	9.637789147	9.354762404	11.10672014	9.487689892	9.093002276	11.1829548015	8.657381985	11.21616247	8.074838719	11.57408981	6.303329264	11.47828693	5.312983894	7.62607609	7.934385467	7.26010571525	5.616777635	8.2040992425	6.0971169325	7.1332849255	8.189751835	6.0633385235	6.352598631	5.484469475	13.48222565	7.690401599	10.70683294	13.26439572	8.912530956	9.344035714	10.03174294	12.26985874	BRCA
