ID	1869	7027	2932	1029	1027	1026	983	7042	8900	7040	1030	7043	595	1017	1019	25	5925	6502	7157	1021	1719	993	472	545	4088	3065	4089	898	DependentVariable
Instance1	5.763286242	10.489828235	10.00381342	6.348705253	9.994983337	11.459753229	5.5594032075	6.78103548	6.796886882	5.682300273	8.76644567233	9.289875449	13.0689563	9.26596478	10.36475876	8.477645733	8.976299993	8.34029139833	8.333402628	9.861095099	5.63902319	5.7113333935	7.15912118675	5.382345047	10.68629503	11.78440594	11.0532575	5.7706733955	Control
Instance2	6.058322584	10.46698639	10.79867858	5.79053164567	9.7467670155	8.288611166	5.1000844475	6.166218956	6.077889871	5.101199635	7.79328062833	9.578863787	12.87039849	8.958604237	10.22717101	8.14341671633	7.958452847	7.753678639	8.508984299	9.469403277	5.748737112	5.580948299	7.09089637525	5.67954943775	10.45921159	11.91473092	10.8409276	5.8681879535	BRCA
Instance3	6.031886566	10.89809876	10.42204403	5.34429371167	9.760065891	8.320702773	6.018363896	5.995434345	6.720350724	5.014814152	6.37685407567	9.330514214	13.5121695	9.1433668585	11.04936549	7.833762168	8.409052632	7.893025841	9.660905593	10.38239737	4.620332194	6.1523191905	7.165383526	5.3269021	10.2807653	12.53830178	11.02832761	6.213232041	BRCA
Instance4	5.460424154	10.14224707	11.11828268	5.62556244233	9.344181055	8.2000896335	6.0392399955	5.797150007	6.183293584	4.808914358	6.92119697233	10.06419075	13.61588998	7.7178678995	10.81911353	8.03563056533	6.610216975	7.88025638267	8.338826757	9.614162807	5.372439586	5.697363916	6.962212015	4.95432611925	10.1682337	12.34480084	10.65863127	5.99736739975	Control
Instance5	6.053008806	10.17761519	10.40311354	5.72645123933	10.049946495	7.875076566	6.028693113	6.737352562	6.125780878	4.828848945	7.13000493333	9.272076349	13.04549694	9.123941273	10.92385505	7.73201711767	8.022008655	7.56329023367	9.701150974	10.33984475	5.333791561	5.9046360085	7.2431584955	5.394762578	9.769929197	12.03215778	11.06244102	6.29992863125	BRCA
Instance6	5.770572224	10.807258755	9.953578497	5.244334811	9.5007422985	10.112371314	6.0648074825	7.238598499	6.672712173	5.321216715	7.51817774933	9.540317507	13.37610779	9.3759597995	10.4760984	8.347844869	9.286795183	7.44991218067	8.868576523	10.24168562	6.048220516	6.113079114	7.08122523275	5.5992247945	10.22471354	12.38876812	11.60575973	5.7160804985	BRCA
Instance7	6.146803484	10.526885685	12.02630394	5.81224373133	9.015559992	7.8281740715	5.427401159	6.518854253	6.268944869	4.73770262	6.73216024933	11.79415195	13.46367638	7.9728052855	10.77554879	8.06255483	8.555107826	8.50044386867	8.315445233	9.112401142	4.998433881	5.5721428055	6.392001616	5.20754562	10.43082915	12.20235811	10.12003731	6.32124444525	BRCA
Instance8	5.920180882	10.77234512	9.584981814	6.476135957	10.6232973005	9.436657679	5.6375433755	7.822174254	6.986072764	5.167931151	7.338088569	10.56613044	12.73729283	9.321425499	10.6537276	8.098905571	9.023671978	7.73968605067	8.92056956	9.92562903	5.297935366	5.5654738825	7.21389689	5.31897246825	10.42491714	12.36089516	10.90767581	5.7012189585	Control
Instance9	5.598879718	10.885151175	9.460251675	5.35894690833	10.059640231	8.6840196725	6.505547144	6.303694572	6.059891283	5.46083367	6.35641451967	9.938499406	13.81715158	9.1526830635	11.33166731	7.97372860733	8.717951507	8.04826253967	9.680166591	10.90635345	5.681878783	6.648397732	7.14878397875	5.76377410275	10.30035288	12.41104094	11.18856429	6.42728370275	BRCA
Instance10	5.672857555	9.9169571465	11.10846093	5.788030138	9.9202580165	8.5305745065	5.4053195205	6.274406692	5.906897358	5.062004299	7.83504918467	9.642061229	13.40233131	8.766958367	10.5411695	7.55814684467	7.473200667	7.581904447	7.766597025	8.967515291	5.104977394	5.7118445555	6.89333590125	5.13981355375	10.53162541	12.70249961	10.84298691	5.859119673	BRCA
Instance11	6.357820835	9.794661619	9.583290187	5.712608247	10.1640382545	8.836754421	5.220752803	5.609704182	6.413717301	6.147057976	7.90194792633	10.31728008	13.46367638	8.5614408535	11.20375193	7.96986133433	6.142419181	7.51931651067	8.06060289	9.62214845	4.866180084	5.91779079	7.27735742025	5.02130020225	10.87489706	12.2076581	10.75143132	6.179762227	BRCA
Instance12	5.853877943	10.79646675	9.857779317	5.99415791867	10.0441681905	9.0515115425	6.0055657725	7.247787805	6.364446037	5.382071697	7.66847662533	9.979768545	12.99332148	8.893995041	10.68360899	8.146903819	9.062316786	7.925245959	9.069960645	9.837833335	5.883810945	5.432572281	7.3263622655	5.28315010425	10.17969799	12.30454677	11.09442761	6.16318161475	Control
Instance13	5.687208569	10.63857576	9.894916689	5.68078141	9.813364775	9.93093261	6.0129300215	7.420152085	6.086619917	5.502084908	8.74712282133	9.655880007	13.31043176	9.195934583	10.23700709	8.347170397	8.997758931	7.91175728367	8.376018051	9.342986415	5.162100493	5.930654322	7.01677338075	5.69480086275	10.27293332	12.29242381	10.65306923	5.667146432	Control
Instance14	6.099827094	11.152632775	9.243632862	5.986607541	8.716991196	9.024549301	5.5090344575	7.131628387	7.790741294	5.115003321	7.00145541933	10.35287964	13.18898907	9.7479615385	10.96383915	7.81011906767	9.187897079	7.741317719	8.641980482	9.335714771	4.933113756	6.061094089	6.9924584855	4.95871165175	10.40859541	13.00770101	10.79459886	6.11855449125	BRCA
Instance15	5.927310565	11.52254988	10.71182636	6.04954423267	8.4863279555	8.423284332	5.6287591775	7.112546695	6.853469023	4.924350826	7.21934104333	11.69149721	14.23655206	9.3160147545	10.80365511	8.02105507033	9.308988054	7.72902749733	7.522171761	10.89385156	4.939004665	5.864740453	7.02110039825	5.32376425875	10.55937736	12.8865864	10.92510768	6.4922561955	BRCA
Instance16	6.0664182	10.877554945	9.940739781	5.98239616367	8.9933055285	8.254945825	5.441586912	6.735729052	6.723391747	5.605710071	7.010125283	10.24482795	13.61588998	9.532128788	11.19882886	7.80823708267	8.652093075	8.02748141367	8.151525421	9.82934264	4.708204487	6.176494816	7.00400791525	5.18875274825	10.55420777	12.99983714	10.7377039	6.27371824275	BRCA
Instance17	6.240701309	11.10197649	9.388491534	5.58848003267	8.896381156	9.9223698205	5.6210469815	7.229566594	6.401567006	5.66449084	6.57025080233	10.86671119	13.2267238	9.817272827	10.83893427	7.965899745	8.567082519	8.148936998	8.650083401	9.506506502	5.132588408	6.0364801365	6.79451584725	5.39494822925	10.66841992	13.28052217	10.63715491	6.19627768275	BRCA
Instance18	6.12918576	11.244230505	9.946226836	6.30118840567	8.753016755	8.2659789275	5.8102462945	6.535085305	6.604779761	5.37574431	7.23399989233	10.95634187	14.16199356	9.1966010805	11.23443143	8.04487116667	8.774162024	8.09955012733	8.873068105	10.33792321	4.634625117	6.3640118835	6.9124972055	5.2700602015	10.44034522	12.86051578	10.67427198	6.47813675725	BRCA
Instance19	6.065072081	11.353999045	9.355059844	5.94716203467	9.089847459	8.414155895	5.34095673	6.862206886	6.284297232	5.19062597	6.769539484	10.24378721	14.14434519	9.742178486	11.16747477	7.81628218733	8.989423683	8.09530966367	9.477151683	9.901093579	4.605012752	5.8370662645	6.99788344375	5.06185923325	10.53098201	12.95454627	10.66574031	6.1333137935	BRCA
Instance20	5.901899413	10.4543565965	10.72853303	6.439666078	8.921795507	8.570169323	5.46625573	6.989880165	7.03100122	5.716038325	7.121296619	10.70345182	13.03513077	9.453635543	10.8875331	7.69239896833	9.119292054	7.73442736867	7.632470217	9.391867114	5.753023652	6.025769593	6.815099268	5.55216961675	10.55871514	12.5801856	10.11653277	5.9634582625	BRCA
