ID	805	1959	1147	5577	801	5970	5533	4214	5567	2776	5568	5532	1960	5530	5335	7434	5573	5576	7432	5575	808	4773	4790	4772	4792	4609	DependentVariable
Instance1	13.59313376	10.83319472	9.004698798	4.767140212	13.11037161	8.69026092	9.584314798	10.46146439	5.4829326402	9.668318219	5.48205062	11.8054921	7.662804641	7.181967161	7.6745180755	7.190568257	9.78527191267	8.786482932	6.929158006	7.409181146	12.33572539	5.358259724	12.34771002	6.1646303325	15.00532806	11.83974258	Control
Instance2	13.5121695	11.64933041	8.974945912	5.442455259	12.75620088	8.669346719	9.028818534	11.6627575	5.5428379012	8.930930318	5.804719114	11.54241539	8.1546050485	7.328338472	7.862876923	6.750074255	9.789873514	8.66542575	6.5731092635	7.391761545	12.47764072	5.287134046	12.34109771	6.4733698555	13.91249272	10.569760214	BRCA
Instance3	13.47944813	12.07463999	8.986710369	5.112503363	12.13760287	9.073024297	8.789730168	11.77105209	5.4641368762	9.213384421	5.527329405	11.24175993	8.0047726485	7.238491368	7.7021225845	6.281193427	9.801472324	8.815320146	5.9170928285	7.677704008	12.54827894	5.0508794315	12.51631937	6.05907682475	14.51605303	11.54593261	BRCA
Instance4	13.35270561	10.48569377	8.742495656	5.7109519	12.20536419	7.67194989	8.74769044	12.00382718	5.1156792046	7.435526765	5.655216748	11.56978693	6.9357521195	6.422323287	8.054801422	6.569935808	9.34823014567	8.115695415	5.7632563765	6.105076296	12.76004735	4.8161306655	12.26985874	5.969107067	14.35403309	10.2570662725	Control
Instance5	13.37889296	10.89668076	8.684828488	5.377654117	12.34682957	9.268495874	9.157246578	11.72645885	5.466218321	9.924501194	6.407145055	11.00452968	7.5911075405	7.7125980515	7.930765467	6.100668251	7.772929909	9.518791383	5.540574562	7.418993406	12.45248586	5.183721743	12.37603319	6.17905477475	13.73047547	11.50644256	BRCA
Instance6	13.71343219	12.06801669	9.33884841	5.316879984	13.11510467	9.673230059	9.836169177	11.51112271	5.6759717936	10.54993411	5.625863148	11.73619062	9.020739586	7.745704965	7.6687152575	6.080237268	9.84054935	9.231287868	5.9152111805	7.890402801	12.66384721	6.0739409315	12.87483063	7.79825655525	13.77694807	12.17961768	BRCA
Instance7	13.29267684	11.24231983	8.17437786	4.904497645	12.34260121	7.262755244	7.747456426	12.26224618	5.5322651396	7.39744174	6.430289978	11.41213066	6.7640626775	6.5896621115	8.590203577	8.260379892	9.55785931	8.344585666	5.076891434	7.572418149	12.61750082	5.0860843655	12.52075501	5.88961529475	15.02279519	10.2032142635	BRCA
Instance8	13.44200721	10.82850567	8.824657385	5.023045997	12.57155186	9.194320487	9.508320259	10.99477083	5.3094441946	9.665460782	5.233822166	11.39154181	7.5116822205	7.480559564	7.7549264415	6.326973765	7.854087509	8.118825763	5.85198214	7.90344675	12.74796537	5.2291868665	12.20475003	5.9603886785	14.22362506	11.820520445	Control
Instance9	13.70458133	11.96427598	8.659854224	5.398154738	12.3148028	9.012625324	9.212004536	11.9611296	5.291675395	9.303998235	5.844493149	10.77439198	8.1855142205	7.5245411315	8.1175343725	5.635327242	9.60954968233	9.026662535	5.878580744	7.548207573	12.4865699	5.2554434645	12.42766909	6.02825469225	14.37348409	12.140966635	BRCA
Instance10	13.30755735	10.08868262	8.645245129	5.778347403	12.71572616	8.33670864	9.015945424	11.43790563	5.3589494338	8.352640608	5.913135501	11.36752411	7.2645655465	7.3344224225	8.2287174245	6.187011156	9.492243668	8.794173061	5.5959234515	7.121070136	12.57561022	4.4572839285	12.09766027	6.0078154565	13.54172225	9.975804059	BRCA
Instance11	13.38150649	12.1278268	8.670710349	5.492182674	12.72208073	8.687254178	9.789998625	11.22161448	5.0578073466	6.808774778	6.287994543	11.41782366	7.9727526565	7.1793537375	8.709822916	6.547978484	9.08887684467	8.176760488	6.2337409765	7.988004536	12.59449147	5.077444067	12.2590489	7.27521674725	13.43573605	10.829470512	BRCA
Instance12	13.60583775	11.30769051	8.807082076	5.564539174	12.77087865	8.875473781	9.291228915	11.05015324	5.3421536938	9.546605663	5.822227442	11.31639767	7.625339361	7.4303730355	7.877739246	6.467284066	7.99293009967	8.94526175	6.1668621095	7.5453142	12.7232493	5.346357517	12.38541089	6.19438472475	14.39776555	11.023407075	Control
Instance13	13.47298527	10.99664316	9.155780297	5.301049141	12.97797754	8.978067698	9.562295439	10.77967445	5.4913025734	9.998851701	5.416511492	11.73097541	7.7557439125	7.50153016	7.919144247	6.491216266	9.194411155	9.004516227	6.390145857	7.626842693	12.52742331	5.298679987	12.24889125	6.7272117865	14.10537413	11.5313713	Control
Instance14	12.16391545	9.749777737	9.260861404	5.268482349	12.99135537	9.226388785	10.13925432	9.313711317	5.4387987878	9.061277435	5.237842121	11.62683849	6.709143791	6.8933171905	7.988942668	7.402929178	8.633415693	7.750842834	7.2280064045	7.240984771	13.2860567	4.997642808	12.29388695	6.759633327	14.13459319	9.689899517	BRCA
Instance15	12.44601199	10.60821349	9.241179451	5.287261033	13.22427159	8.761435816	9.726252704	9.683047729	5.8117429202	9.803614982	5.913135501	12.04715639	6.609745102	7.408146448	7.9147536295	7.587779625	8.41487604833	8.335480939	6.7799206515	7.292669322	13.16228672	5.0933444835	12.41257918	6.23406257875	13.98232431	10.043318064	BRCA
Instance16	12.2076581	9.378062404	9.022833232	5.765409598	12.53522562	8.629266563	9.678499404	9.206422917	5.3283454926	8.90929393	5.754627826	11.78825759	6.93322112	7.1208014865	7.7272309565	7.30286993	8.30846996767	7.540595216	6.187551011	7.370450116	13.15138292	5.159575836	12.40655986	6.007950882	13.70909946	9.7187563365	BRCA
Instance17	12.15610687	11.24502395	9.175650046	5.66903474	12.56790862	9.515749664	10.00443156	9.06544382	5.4065428568	8.5896522	5.634165776	11.72922572	7.130982292	6.752537335	7.5975884795	6.684401928	8.24833877567	7.582482852	6.6018821065	7.801516189	13.15138292	4.8457210545	12.32574401	6.538599406	13.58466312	9.654362623	BRCA
Instance18	12.43207997	10.94214079	9.44260202	5.325990094	12.61931219	8.496794995	9.577046919	9.805889394	5.5295343186	8.886520521	5.620154746	11.42322901	6.9817434615	7.0698721725	7.531468856	6.845932592	8.653406271	7.646560735	6.098218396	7.587367101	13.08540943	5.0687373255	12.39966386	6.491152042	13.75810714	10.1255478285	BRCA
Instance19	12.39881323	10.04973324	8.973504462	5.707781006	12.52524557	9.61434228	9.812915765	9.17185302	5.4814391052	8.45292188	5.341284192	11.4712435	6.5948457465	6.9466844905	7.8558007155	7.45024444	7.64956818833	7.576259705	6.809488443	8.135646608	13.04201932	4.958492937	12.00382718	6.4121055595	12.88068749	9.668764921	BRCA
Instance20	8.929717871	7.039854312	8.965922146	5.002940155	12.50816376	9.315772892	10.43684194	6.536717836	5.1210123436	9.284894137	6.445516183	12.28769659	7.9251908325	7.9529606385	7.6793168875	5.953737396	8.42010759833	7.632470217	6.3510928925	7.493457452	10.82365605	5.2986916435	12.05629403	5.81851615	10.54750216	8.9745205145	BRCA
