ID	7846	10694	10382	10383	11328	10381	26190	22803	6499	8877	26224	7280	63971	22948	54461	10376	10471	10575	10576	7411	55294	10574	7203	56604	26985	113457	3801	83752	6468	10528	347733	6950	7278	5204	5203	10564	7277	84790	60	84261	26234	81027	26270	8237	10517	26272	5201	5202	908	84617	DependentVariable
Instance1	13.072443805	12.04226139	5.398154738	11.65291678	6.404465174	6.801873633	9.214671934	7.904233081	10.08057144	7.5696123375	6.7396064365	7.899660725	5.461406798	7.254464427	7.08044101967	14.1941174	8.343664452	8.254179615	11.5968724	10.48739785	7.557410212	10.9812337763	10.0866254	7.837046205	8.341409173	7.121780497	5.197719213	10.2794312205	10.37262599	10.39698427	11.80723024	7.67941659933	5.37574431	13.04904063	6.490735075	7.255267326	7.482104333	13.41290062	14.7883179233	8.294162511	8.360575046	4.884855828	8.635846085	9.032948765	5.415835761	6.57599009767	11.26326937	5.676529235	8.9592447695	10.718289445	Control
Instance2	12.79617952	11.86526555	5.696558124	11.40523204	5.726293954	6.528419434	9.016558388	7.6415879	10.53666518	7.745070192	6.74232787	6.301135476	5.641409649	7.113666969	6.91480793867	14.25434036	8.584681754	8.140089864	11.858053	10.3257361685	7.9259525615	10.6481488367	9.8405878055	7.418044703	8.46903646133	5.6994159315	5.533260613	10.8432877705	10.67427198	10.50577161	11.30388933	7.29204066367	5.34066129	12.847790325	6.303603253	7.489569276	8.517473661	13.20290364	13.8159086333	8.680580285	7.707335883	5.576228285	8.607544043	9.538184627	5.368428976	6.71436669267	10.82319627	4.856999696	8.9431584325	9.998851935	BRCA
Instance3	12.980355135	12.70249961	5.088959125	11.56729791	5.557663769	7.261603975	8.49903975	7.695347798	10.70541664	7.550108584	6.6222917205	6.615081971	5.249645622	8.132681099	6.99163146967	14.23655206	8.744817969	9.132371922	12.19991163	10.2392944415	7.9194651015	11.2557058533	10.388260875	7.903823301	8.72206431667	6.1586145725	4.516306872	10.2896782985	10.81594784	10.81637382	11.47795694	8.04052805067	5.122477305	13.2755461	6.259466112	6.935698777	8.770202293	13.54762602	14.49928798	9.539479273	7.81737698667	5.283469238	8.489166708	9.67578115	5.001702332	6.21633692333	10.8129396	5.703911357	9.343737015	8.8367880875	BRCA
Instance4	12.245734715	11.77806492	6.555360353	11.48413324	4.667062321	7.465997159	8.456437714	6.878101604	11.22892405	7.8570677945	6.8363976345	7.56639873	5.916363929	8.613449811	7.38019391	14.29545473	9.13733773	9.301536849	11.82848969	10.289399948	7.82524806925	10.504393796	10.7645152945	7.021399564	8.00359984333	6.995704449	6.022706945	10.715892615	10.97608812	10.67756558	11.48628211	7.230908781	5.545127619	13.03581095	5.673352364	6.882218507	8.99094148	12.27296951	11.1284900313	9.743404359	7.50348760567	4.845002284	8.866792965	9.379005257	5.423251451	6.43171383433	10.45670378	5.332538997	7.859724353	8.260153639	Control
Instance5	12.856054365	12.14532727	6.418532045	11.38910174	5.371568663	7.103002192	8.763694672	7.716501543	9.91920268	7.4928839495	6.6704595835	5.806975681	4.972360944	7.892711475	7.141545553	14.25942553	7.883759979	8.801903231	11.67556248	10.14744157	8.10743541975	11.4055387167	10.5054885265	7.56287418	8.40558015333	6.1552991135	5.617879735	10.3840777915	11.44004913	10.814741825	10.56653005	8.353033346	5.185877691	13.066961605	6.158211409	7.338137177	9.298601687	13.71793344	14.66759481	8.882277076	7.89562523833	5.418368122	9.168052243	9.166829108	5.123305363	6.656603432	10.93590557	5.876646629	9.308188236	9.4396665595	BRCA
Instance6	13.77264423	12.71973005	5.641409649	12.7347446	5.749206573	7.468056067	9.033520136	8.0154542345	10.25166618	8.1841381205	7.1426956	8.22222873	6.472573571	7.900989228	7.28130622533	14.5197155	6.974962666	8.510626838	12.65135565	10.571012835	7.445350942	11.61878886	10.6424486845	8.074062668	8.77058568333	6.307885276	5.915766617	9.7949368965	10.89468537	11.05826118	11.40976762	8.60374328633	5.066316611	12.7573044	5.966713802	7.971372727	9.118098254	14.37348409	15.0760746733	8.540313208	8.347670394	5.144465785	7.97381376	8.899977016	5.360374153	6.82668008467	10.70238075	5.413806667	9.9597487725	11.162534375	BRCA
Instance7	11.906436665	10.94417051	6.292326809	11.04525817	5.646674804	8.628446565	7.953674293	7.3508459365	10.99939073	7.1879549345	5.5375393875	6.365014999	5.516024013	7.720554015	7.24955861367	14.39263877	7.219510091	8.921179767	11.02648906	10.1122009075	8.1363201345	10.186606225	9.9903845185	7.982781325	8.09619035233	8.6539353945	5.646674804	10.87879155	10.56666085	10.721249855	11.53930922	6.74278970067	5.682019293	12.682447725	5.654644083	7.110851603	9.185154884	11.9684077	10.2940315303	9.91920268	8.27285039733	5.315069158	8.796405612	9.940893908	5.821334729	6.41593133067	10.31535936	4.888756945	7.969467267	8.4261246795	BRCA
Instance8	13.058642555	12.28120423	5.655646098	11.34927862	6.309799758	7.60485179	8.926667463	7.474890718	9.969494854	7.1838077395	6.5572461615	5.532793245	5.604820987	7.128564388	7.43730996	14.07409548	8.278427533	9.027201837	11.89780776	10.51490702	7.473068679	11.0599195603	10.177963467	6.853313064	8.63982013333	6.80397072	5.748602952	9.8244784515	10.46950983	10.2923654515	11.6923846	7.93564784333	4.867045482	13.285191385	6.15689776	7.422655866	8.216698727	13.73376056	14.9143649833	8.88539219	8.10998666933	5.826809832	8.594232333	9.271638758	5.07383228	6.801520642	11.14333556	5.069327579	9.243270425	10.304747614	Control
Instance9	13.136039135	12.56790862	5.46083367	12.26341894	5.572973961	7.156085921	8.653437275	7.6152470645	9.94254424	7.626962933	6.789777128	6.943455835	5.579701547	8.290757434	7.02565664967	14.40827668	8.516213288	8.73811855	12.21350534	10.43795475	7.5782527675	11.65663926	11.016366487	7.795310977	8.21259328833	6.4255607725	5.785819429	9.991139496	11.1461265	11.01831775	10.97179879	8.58884873467	5.758164072	13.458167915	6.678428044	7.518242268	9.111501597	13.88031822	15.0102008533	9.654399345	7.937534881	5.139562862	8.655317053	8.962376314	5.197719213	6.88155112467	10.89144978	5.729968205	9.791248384	9.317154837	BRCA
Instance10	12.487072675	11.86723251	6.198941611	11.53000404	5.738505243	6.659179352	8.517473661	8.0490926795	10.4516596	6.9257214185	6.540634886	7.250680065	5.287630431	8.105307642	7.09503970433	14.08845827	8.623754517	8.527663806	11.38382052	10.149705417	7.74964706725	10.870456453	10.2734501545	7.646128672	8.32695798467	5.636546836	5.229598736	10.77015664	11.2167627	10.623145005	11.08816233	7.54642909467	4.715635629	13.3880359	6.13976173	6.262194115	8.819932474	12.98742218	14.4683583733	9.29541948	7.82215071967	5.211996552	8.619835842	9.247239889	4.77031556	6.711863569	10.58594865	5.057462456	8.6080424065	9.4820278265	BRCA
Instance11	13.477480985	12.23093318	5.316518	12.49153253	5.826809832	7.529725554	9.072401367	7.782115641	10.66779926	8.133537761	6.905780341	7.413524535	5.297385178	8.522151037	7.50659977033	14.25942553	8.946263807	8.502683773	11.93696372	10.337397537	7.1177153615	11.4911682233	10.7752261585	8.803244092	8.37573343033	6.402173659	5.826809832	9.565104172	10.82965558	10.8709492	11.12745936	7.95145228867	5.287261033	13.527642375	6.554209422	7.01892656	8.773914859	13.60771409	14.7048191133	9.491963861	7.69225385	5.199683385	9.334698502	9.437263702	4.888513434	6.79784009867	10.83234438	5.259471408	8.7904192335	10.2875579975	BRCA
Instance12	12.81391672	12.45248586	6.086885249	11.19443078	5.704879743	8.064030165	8.728618772	7.7367749505	9.94538572	7.104354799	6.6719627645	6.236115272	5.636487775	8.259038365	7.10625160433	14.25434036	8.30337108	8.398680773	11.78917304	10.58328887	7.475394337	11.0887838397	10.114833088	6.98248348	8.63945029133	6.0848206195	5.137105138	10.8531022215	10.74565776	10.26300723	11.15310882	8.198299328	5.695027274	13.135544865	6.265948433	7.8694722	8.000255161	13.62684124	15.05796349	8.9436072	8.09482387433	5.161294412	8.787544391	9.085526319	5.149555339	6.819371683	10.95619846	5.551986008	9.4509516275	9.819936678	Control
Instance13	13.1265014	12.17821986	5.650485447	11.58824628	5.897247233	7.157223442	8.949703533	7.435242736	10.08672709	7.327991174	6.573272368	7.241842864	6.255222765	7.800869372	7.12814391767	14.1941174	8.519883028	8.581201641	11.7416567	10.489542325	7.775024934	11.10156059	10.1536553565	7.621998953	8.78783999933	6.2876641315	5.997863257	10.289988948	10.86620503	10.5364148	11.65775177	7.89270244467	5.127851204	13.02830782	6.192347685	7.457136903	7.832955068	13.63630348	14.93219218	8.977681421	8.401481799	5.162100493	8.749350839	9.087993892	5.212774804	6.939719684	11.07640162	5.68215979	9.120558287	10.736435525	Control
Instance14	12.712837	12.15504123	5.504788206	12.28574906	5.825792781	6.795036757	9.199844774	7.8667836215	10.83158062	7.527814853	5.843247398	6.838514169	5.655216748	8.142159561	7.00153077967	14.02134875	9.249700799	8.481558416	11.99463462	10.14095257	7.07686953075	11.193982966	10.463284374	6.32224872	8.862530058	6.679659985	5.836246857	10.362354142	10.93958309	10.340573665	12.09367844	6.638002005	5.63307605	12.594934405	5.667190506	7.280866154	6.23333746	13.75481291	15.0187098367	9.116669587	8.230153734	5.434637608	8.284085072	9.832467238	5.297201735	6.59608594767	11.02780255	5.451879748	7.724539548	10.0573814895	BRCA
Instance15	12.38147315	12.44521413	5.640759188	11.38910174	6.928551315	7.539858901	9.298074671	8.0686574075	10.65603847	6.8623317305	5.8398671305	6.763946394	5.738910511	8.44605057	6.90840233233	14.35837925	7.818072631	8.779424816	12.42339047	10.547761365	7.436564441	11.1532372167	10.9167613185	6.668959864	8.967215976	8.249354429	6.383795537	9.850958961	10.64997939	10.641566545	10.79813582	6.85626686933	5.946269564	12.25891881	5.68566776	7.479540047	6.350855776	13.66928817	14.8884804533	9.356689167	8.16833352233	5.287261033	8.584023998	8.902586999	5.403021612	6.462315683	10.92031584	5.764082867	8.055752075	9.826966287	BRCA
Instance16	12.3901302	12.3915122	5.178327476	12.0980404	5.909299837	6.987721977	9.25541878	7.899139403	10.72053523	7.569405018	6.1177503625	6.477196153	4.940884687	8.246005557	7.11484739067	13.94334633	9.365787184	8.630750483	11.95277228	9.9235292115	7.427062909	11.0288394653	10.7928144	6.772153303	8.65678111367	5.406919983	5.895672973	10.2573800015	10.84714372	10.53949317	12.30040269	6.70538518033	4.853011634	12.99009476	4.893133131	7.361288328	6.342701959	13.60771409	14.9774764867	9.378062404	8.15059487133	5.439300032	8.622849041	9.90387474	5.414821571	6.82250018167	11.11584691	5.944279407	7.6373240455	9.698860734	BRCA
Instance17	12.280089825	12.07015459	5.520431088	12.02968073	5.431465218	7.215923955	9.302856582	7.925155733	10.65863127	7.4250477045	5.72080166	6.686679539	6.139198949	7.618204007	6.87414270233	13.62077142	9.299763878	8.566664033	11.99166543	10.15994659	6.899244109	11.0115026027	10.2252214015	7.115254705	8.86272604767	10.0343344085	5.68566776	10.216925991	11.52882293	9.9587903795	11.85273637	6.54930168	7.014079418	12.694757125	5.287261033	7.657106049	5.963596221	13.85125179	15.0132487467	9.120316378	8.00449281567	4.640418217	8.96608803	9.596027176	5.287261033	6.847745439	11.30662298	5.919942619	7.4080844215	9.4097189055	BRCA
Instance18	12.113930285	12.33696264	5.259471408	11.85273637	6.176079003	7.478529234	8.939638805	8.165359702	10.66694764	7.449070484	5.9133078145	6.300403471	5.934641074	8.279960041	7.09819301333	13.95556321	9.368834427	8.999958525	12.16288073	10.377227535	7.29697741725	11.180974831	10.979131657	7.055610869	8.86714486667	6.701339488	6.123040825	10.128467466	10.97053395	10.43558936	11.19715849	7.03558250433	5.503993644	12.756385745	5.537770712	7.6746533	6.694953735	13.74060563	14.9657466367	9.573941152	7.97259021067	5.233822166	8.947652369	9.297908507	5.040356852	6.78392405033	11.16693525	6.211893768	7.901712276	9.4946495545	BRCA
Instance19	12.36866559	12.76570158	5.730919264	12.11639279	5.671018204	7.5151501	8.998880297	7.8133793605	10.45602865	7.4397204985	5.7210654765	6.2260322	5.628490196	8.201561731	6.81708114833	13.82037647	9.236254098	9.049209488	12.31403378	10.366777005	6.788807786	11.421646904	10.8479064855	6.982198234	9.11108275133	7.430270574	5.897247233	9.8381786765	10.72425827	10.32946368	11.99463462	6.948213536	5.95855924	12.765905905	5.472984221	7.295863332	6.364402262	14.48484431	14.4411317433	9.307952776	8.201038332	5.052688948	8.662473563	9.24711525	5.319953181	6.779627363	11.25835125	6.072754979	7.9984266025	9.427715021	BRCA
Instance20	11.19253328	11.66672787	4.916728914	9.933019721	6.501563046	7.728262586	10.0466947	7.472999717	10.67052815	7.88823209	5.1435788015	7.100665295	5.842294551	6.310890502	7.31145704467	10.81892586	10.18422484	7.992500966	12.10871075	7.5998703285	6.887821265	9.974318006	10.389599419	6.412997934	8.63595084767	5.2414990245	6.182896477	10.420571551	11.62074231	9.3568705955	11.84647188	6.872727488	4.990286948	12.82668832	5.039808741	7.260334165	5.696558124	13.7210223	14.7567013667	10.6204515	7.922137008	5.039808741	9.436774581	10.61826186	4.450633198	5.91203399133	11.44759484	5.996056084	7.759649752	11.07069537	BRCA
