ID	55135	1763	10856	5557	5558	57804	5984	5985	6117	5422	10714	6119	5111	6118	5427	7015	23649	5424	5425	5426	5981	8607	1736	5983	5982	2237	3978	55651	DependentVariable
Instance1	7.157551892	6.8981231695	9.622427606	7.9259666445	5.97561041567	8.824450546	8.8069355085	7.105454747	10.83471386	7.122160823	7.2083497295	10.66108355	7.30666968733	11.61752958	7.168850407	5.564530124	9.058425498	7.558728975	12.66507944	7.905163024	8.7287213215	7.69872235233	11.13121409	6.65416022267	6.4996565905	8.6356430945	8.306085763	9.8075468025	Control
Instance2	7.688776797	6.8766851245	9.744102689	7.9503875055	6.06639047267	8.865378449	8.3511951665	7.5130075585	10.800436875	6.409474951	7.3078710955	10.48441034	7.18042006333	11.88379655	7.041826475	5.282010214	9.413279443	7.88603356	12.99332148	7.56639873	8.46553658	7.53613586367	11.57959421	6.803627506	6.4959528655	8.8318933355	9.214775128	10.34597512	BRCA
Instance3	7.909009687	6.9445841975	10.57151592	8.517100268	5.72399821567	8.72987657	9.396101263	7.613135391	11.330452225	7.180493836	7.33191487	10.72737618	7.63223048933	12.02968073	8.010949209	5.4876065925	9.650235514	8.575114814	13.23568448	8.099283532	8.908217113	8.08989895367	12.00382718	7.26523884267	7.0004963375	9.620597091	9.862320087	10.76802122	BRCA
Instance4	9.163857905	7.4451283935	9.792209165	8.4986833315	5.36854192167	9.24062507	8.859174667	7.7690752125	11.057611095	7.023923823	6.472480484	10.83441597	6.55166353833	12.38193096	7.627900667	5.551388961	10.18060575	9.123553123	13.52549699	8.251862414	8.594608411	7.717739228	11.74127222	6.47039307033	6.4544177505	9.0906394765	9.825110289	10.867448075	Control
Instance5	6.7486998	6.885292262	10.41210434	8.3791173545	5.95280065933	8.91062109	8.74540583	7.403741513	10.93374845	6.9330908945	7.2216641085	10.45090222	7.35432909133	11.96009799	7.098298285	5.6004877035	9.590110341	7.821010387	12.73729283	7.31664612	8.8095545205	7.82510007933	11.91053229	7.072920173	7.0312218105	9.329909791	8.767556421	10.590691195	BRCA
Instance6	7.358280041	6.6341623465	10.4054024	8.4061773715	6.237969269	7.992656742	9.358156732	7.0064152045	11.641461875	6.8500213875	7.523174648	9.132050545	7.408697217	11.54965727	7.395150919	5.1806045875	9.225973251	8.467973436	12.65702034	8.336909437	8.81729114	7.70145242267	12.11709445	7.68158217733	7.138537016	9.476334725	9.430484502	9.1867040865	BRCA
Instance7	8.847167874	7.7532903405	8.926311656	7.114956815	5.788693131	9.121676695	7.4871109445	7.0904318015	10.3458464955	6.349361739	6.6588492955	10.38702135	6.44602920733	12.52245777	6.452575359	5.579336685	9.935902096	8.346005182	13.63244094	7.690279365	7.738491062	7.41693158233	11.66997027	6.54805513767	6.220650197	8.2961196055	8.95908991	10.208375227	BRCA
Instance8	6.953966871	6.773364932	10.16613832	8.4155051985	6.32473713233	9.20124246	9.1247667975	7.5927585855	11.06229666	7.048256226	7.325273656	10.88785292	8.02092389867	11.90810746	6.995289824	5.06495125	9.369358036	7.539955806	12.59766508	7.956610113	8.303306849	7.96243818933	11.28804432	6.93605146533	6.9810465865	8.609435701	9.111501597	10.424072825	Control
Instance9	7.554667747	6.7731098095	10.95801997	9.0643521695	6.02795948867	8.811664588	9.70168359	7.7796863265	11.49735519	7.4543940705	7.244781381	10.77226531	7.82590120133	11.92126273	7.782983675	5.3963354245	9.357783524	8.608200408	13.17297049	8.048106907	8.9257842175	8.14481967667	12.26689494	7.65912161233	7.2222320135	9.642109982	9.394248914	10.963600715	BRCA
Instance10	7.581278035	6.7659262955	10.07634836	8.3222045595	5.43016628233	9.25541878	8.509561114	7.4371940695	10.656153568	7.011695558	7.099785483	10.47860813	7.315615812	12.52742331	6.840718531	5.2898639185	9.162543096	8.45693048	12.92825655	7.391761545	8.7210455935	7.575934857	11.5798723	6.42676862133	6.8236640905	8.75940589	9.143141549	10.43348514	BRCA
Instance11	7.91898414	6.710544499	11.03103278	8.1297927905	5.90699724167	9.427680085	8.8655786105	7.2999723835	10.87490854	7.008129683	7.463332523	10.35810202	7.19178534067	12.53830178	7.713319706	5.407081467	9.645109494	8.833563055	13.07564465	8.622089465	8.906142604	8.15260831167	11.58766984	6.23579617167	7.1596856165	9.107300824	9.309431518	10.853916915	BRCA
Instance12	7.049089233	6.7843201735	10.12427033	8.207026822	6.10699417833	8.66980731	9.023735752	7.544617301	11.11875956	6.914785761	7.1852972805	10.88129775	7.66789353567	11.75528414	7.322110956	5.648273867	9.278554651	7.324543144	12.68199828	7.321637554	8.716427139	7.87116972967	11.62416272	7.04973393733	6.8101934035	9.006318241	8.824657385	10.2168179045	Control
Instance13	7.690523822	6.735522986	10.05747773	8.176539011	5.90664606667	8.962058135	8.823484927	7.3703045175	11.29475415	6.9100955155	7.4117681705	10.4887367	7.32601425833	11.64562254	6.816699294	5.495538719	9.185483232	7.935107761	12.85738045	7.471189747	8.7854943965	7.86766520033	11.34287486	7.14436357833	6.654977447	9.113554115	8.392855247	10.161889319	Control
Instance14	8.326127349	6.9776320865	10.35756331	8.30919878	5.90581402733	9.223423229	9.175989441	6.8935968215	10.666982815	7.2390370655	7.4282706955	10.55403266	6.97591235933	12.03723816	7.518655368	5.5407640765	9.086873394	8.689964021	12.86342169	8.892179346	8.3847614075	8.137677799	11.75448264	7.35023516733	6.4175965355	9.082795036	8.873598775	10.661708895	BRCA
Instance15	8.634049691	7.089233033	10.21059864	8.1555588695	5.73925937133	8.538519855	8.9319577035	7.485098727	11.21590727	7.31912801	7.1613884155	9.580042347	6.763530312	11.80073018	7.750105877	5.5659917415	9.517788029	8.354559186	13.11037161	9.091660914	8.774283818	8.35278146867	11.37897501	7.31315444567	6.5949871565	9.211922876	9.241179451	9.7162947885	BRCA
Instance16	8.334587409	6.9385302655	10.39899511	8.63293609	5.92688192933	9.290952566	9.4157847835	7.527901723	10.39328649	7.454481784	7.2083211925	10.64948099	7.03874911367	12.21510531	7.91898414	5.58083948	9.521659876	8.464169074	13.0474759	8.511556122	8.604510827	8.15652655533	11.89497319	7.21700452967	6.527756701	9.372225132	9.807411729	10.77563569	BRCA
Instance17	8.223423907	6.978753636	10.66644619	8.4837444445	5.82199268833	9.547357825	9.4100818935	7.357071643	10.861074535	7.3267110305	7.2727011495	10.9447818	7.10016706667	11.98277091	7.949609524	5.511384299	9.375713432	8.292691032	12.87039849	8.772299004	8.409953035	8.01232981433	11.93396179	7.43359077733	6.3941428145	9.252004483	9.907754874	10.662352585	BRCA
Instance18	8.078525946	6.9899737395	10.62937509	8.705581547	5.94728233467	9.443524356	9.2504395305	7.2299863925	10.620424425	7.345900669	7.070863253	11.12425722	7.13735669233	12.11639279	8.122958834	5.3340884235	9.551372359	8.43825243	13.36098494	8.567443842	8.640800583	8.373028345	11.83057078	7.17986935967	6.803953256	9.437168452	9.489968911	11.095080045	BRCA
Instance19	8.110745757	6.789915729	11.10639627	8.528158071	5.97034949167	9.524924191	9.283426389	7.224746219	11.17905754	7.188619934	7.409290949	10.84615266	7.301571066	11.90965135	7.739039878	5.4291609005	9.101726968	8.463423345	12.83366697	8.792042831	8.518554874	8.32999554	11.8233355	7.21428444467	6.553387789	9.352729044	9.770879053	10.898648365	BRCA
Instance20	9.3312535	7.5028987285	10.69375725	8.5665834615	5.90527172967	9.717642636	7.388460416	6.330087624	10.585395104	6.212221867	7.6441090585	9.955032716	6.78827803233	9.074115449	8.140089864	5.1790373235	10.10847909	8.591897347	13.50065522	6.664629054	8.0635175495	8.31388023033	10.22118263	6.94060400367	6.348284926	9.732093048	7.877009719	10.974644245	BRCA
