ID	7846	347733	6950	10694	10382	7278	10383	5204	5203	10381	7277	84790	60	81027	7280	22948	5201	5202	10471	10575	10576	7411	908	84617	10574	7203	56604	113457	DependentVariable
Instance1	13.072443805	11.80723024	7.67941659933	12.04226139	5.398154738	5.37574431	11.65291678	13.04904063	6.490735075	6.801873633	7.482104333	13.41290062	14.7883179233	4.884855828	7.899660725	7.254464427	11.26326937	5.676529235	8.343664452	8.254179615	11.5968724	10.48739785	8.9592447695	10.718289445	10.9812337763	10.0866254	7.837046205	7.121780497	Control
Instance2	12.79617952	11.30388933	7.29204066367	11.86526555	5.696558124	5.34066129	11.40523204	12.847790325	6.303603253	6.528419434	8.517473661	13.20290364	13.8159086333	5.576228285	6.301135476	7.113666969	10.82319627	4.856999696	8.584681754	8.140089864	11.858053	10.3257361685	8.9431584325	9.998851935	10.6481488367	9.8405878055	7.418044703	5.6994159315	BRCA
Instance3	12.980355135	11.47795694	8.04052805067	12.70249961	5.088959125	5.122477305	11.56729791	13.2755461	6.259466112	7.261603975	8.770202293	13.54762602	14.49928798	5.283469238	6.615081971	8.132681099	10.8129396	5.703911357	8.744817969	9.132371922	12.19991163	10.2392944415	9.343737015	8.8367880875	11.2557058533	10.388260875	7.903823301	6.1586145725	BRCA
Instance4	12.245734715	11.48628211	7.230908781	11.77806492	6.555360353	5.545127619	11.48413324	13.03581095	5.673352364	7.465997159	8.99094148	12.27296951	11.1284900313	4.845002284	7.56639873	8.613449811	10.45670378	5.332538997	9.13733773	9.301536849	11.82848969	10.289399948	7.859724353	8.260153639	10.504393796	10.7645152945	7.021399564	6.995704449	Control
Instance5	12.856054365	10.56653005	8.353033346	12.14532727	6.418532045	5.185877691	11.38910174	13.066961605	6.158211409	7.103002192	9.298601687	13.71793344	14.66759481	5.418368122	5.806975681	7.892711475	10.93590557	5.876646629	7.883759979	8.801903231	11.67556248	10.14744157	9.308188236	9.4396665595	11.4055387167	10.5054885265	7.56287418	6.1552991135	BRCA
Instance6	13.77264423	11.40976762	8.60374328633	12.71973005	5.641409649	5.066316611	12.7347446	12.7573044	5.966713802	7.468056067	9.118098254	14.37348409	15.0760746733	5.144465785	8.22222873	7.900989228	10.70238075	5.413806667	6.974962666	8.510626838	12.65135565	10.571012835	9.9597487725	11.162534375	11.61878886	10.6424486845	8.074062668	6.307885276	BRCA
Instance7	11.906436665	11.53930922	6.74278970067	10.94417051	6.292326809	5.682019293	11.04525817	12.682447725	5.654644083	8.628446565	9.185154884	11.9684077	10.2940315303	5.315069158	6.365014999	7.720554015	10.31535936	4.888756945	7.219510091	8.921179767	11.02648906	10.1122009075	7.969467267	8.4261246795	10.186606225	9.9903845185	7.982781325	8.6539353945	BRCA
Instance8	13.058642555	11.6923846	7.93564784333	12.28120423	5.655646098	4.867045482	11.34927862	13.285191385	6.15689776	7.60485179	8.216698727	13.73376056	14.9143649833	5.826809832	5.532793245	7.128564388	11.14333556	5.069327579	8.278427533	9.027201837	11.89780776	10.51490702	9.243270425	10.304747614	11.0599195603	10.177963467	6.853313064	6.80397072	Control
Instance9	13.136039135	10.97179879	8.58884873467	12.56790862	5.46083367	5.758164072	12.26341894	13.458167915	6.678428044	7.156085921	9.111501597	13.88031822	15.0102008533	5.139562862	6.943455835	8.290757434	10.89144978	5.729968205	8.516213288	8.73811855	12.21350534	10.43795475	9.791248384	9.317154837	11.65663926	11.016366487	7.795310977	6.4255607725	BRCA
Instance10	12.487072675	11.08816233	7.54642909467	11.86723251	6.198941611	4.715635629	11.53000404	13.3880359	6.13976173	6.659179352	8.819932474	12.98742218	14.4683583733	5.211996552	7.250680065	8.105307642	10.58594865	5.057462456	8.623754517	8.527663806	11.38382052	10.149705417	8.6080424065	9.4820278265	10.870456453	10.2734501545	7.646128672	5.636546836	BRCA
Instance11	13.477480985	11.12745936	7.95145228867	12.23093318	5.316518	5.287261033	12.49153253	13.527642375	6.554209422	7.529725554	8.773914859	13.60771409	14.7048191133	5.199683385	7.413524535	8.522151037	10.83234438	5.259471408	8.946263807	8.502683773	11.93696372	10.337397537	8.7904192335	10.2875579975	11.4911682233	10.7752261585	8.803244092	6.402173659	BRCA
Instance12	12.81391672	11.15310882	8.198299328	12.45248586	6.086885249	5.695027274	11.19443078	13.135544865	6.265948433	8.064030165	8.000255161	13.62684124	15.05796349	5.161294412	6.236115272	8.259038365	10.95619846	5.551986008	8.30337108	8.398680773	11.78917304	10.58328887	9.4509516275	9.819936678	11.0887838397	10.114833088	6.98248348	6.0848206195	Control
Instance13	13.1265014	11.65775177	7.89270244467	12.17821986	5.650485447	5.127851204	11.58824628	13.02830782	6.192347685	7.157223442	7.832955068	13.63630348	14.93219218	5.162100493	7.241842864	7.800869372	11.07640162	5.68215979	8.519883028	8.581201641	11.7416567	10.489542325	9.120558287	10.736435525	11.10156059	10.1536553565	7.621998953	6.2876641315	Control
Instance14	12.712837	12.09367844	6.638002005	12.15504123	5.504788206	5.63307605	12.28574906	12.594934405	5.667190506	6.795036757	6.23333746	13.75481291	15.0187098367	5.434637608	6.838514169	8.142159561	11.02780255	5.451879748	9.249700799	8.481558416	11.99463462	10.14095257	7.724539548	10.0573814895	11.193982966	10.463284374	6.32224872	6.679659985	BRCA
Instance15	12.38147315	10.79813582	6.85626686933	12.44521413	5.640759188	5.946269564	11.38910174	12.25891881	5.68566776	7.539858901	6.350855776	13.66928817	14.8884804533	5.287261033	6.763946394	8.44605057	10.92031584	5.764082867	7.818072631	8.779424816	12.42339047	10.547761365	8.055752075	9.826966287	11.1532372167	10.9167613185	6.668959864	8.249354429	BRCA
Instance16	12.3901302	12.30040269	6.70538518033	12.3915122	5.178327476	4.853011634	12.0980404	12.99009476	4.893133131	6.987721977	6.342701959	13.60771409	14.9774764867	5.439300032	6.477196153	8.246005557	11.11584691	5.944279407	9.365787184	8.630750483	11.95277228	9.9235292115	7.6373240455	9.698860734	11.0288394653	10.7928144	6.772153303	5.406919983	BRCA
Instance17	12.280089825	11.85273637	6.54930168	12.07015459	5.520431088	7.014079418	12.02968073	12.694757125	5.287261033	7.215923955	5.963596221	13.85125179	15.0132487467	4.640418217	6.686679539	7.618204007	11.30662298	5.919942619	9.299763878	8.566664033	11.99166543	10.15994659	7.4080844215	9.4097189055	11.0115026027	10.2252214015	7.115254705	10.0343344085	BRCA
Instance18	12.113930285	11.19715849	7.03558250433	12.33696264	5.259471408	5.503993644	11.85273637	12.756385745	5.537770712	7.478529234	6.694953735	13.74060563	14.9657466367	5.233822166	6.300403471	8.279960041	11.16693525	6.211893768	9.368834427	8.999958525	12.16288073	10.377227535	7.901712276	9.4946495545	11.180974831	10.979131657	7.055610869	6.701339488	BRCA
Instance19	12.36866559	11.99463462	6.948213536	12.76570158	5.730919264	5.95855924	12.11639279	12.765905905	5.472984221	7.5151501	6.364402262	14.48484431	14.4411317433	5.052688948	6.2260322	8.201561731	11.25835125	6.072754979	9.236254098	9.049209488	12.31403378	10.366777005	7.9984266025	9.427715021	11.421646904	10.8479064855	6.982198234	7.430270574	BRCA
Instance20	11.19253328	11.84647188	6.872727488	11.66672787	4.916728914	4.990286948	9.933019721	12.82668832	5.039808741	7.728262586	5.696558124	13.7210223	14.7567013667	5.039808741	7.100665295	6.310890502	11.44759484	5.996056084	10.18422484	7.992500966	12.10871075	7.5998703285	7.759649752	11.07069537	9.974318006	10.389599419	6.412997934	5.2414990245	BRCA
