ID	3126	3127	3111	4049	3125	3112	941	942	940	7124	3382	3458	652614	5799	3107	3106	3630	3553	3109	5798	3108	3134	3133	3105	3558	3113	3593	3115	3135	3117	2571	3118	3119	1363	3592	2572	3552	3329	5551	355	356	3002	3123	3122	DependentVariable
Instance1	10.872628553	4.927435762	8.653437275	6.097300677	8.455307825	6.986698549	4.757305356	6.79245448633	6.411176756	8.519696323	8.6938684646	5.676529235	5.619861398	6.392493991	7.1758807525	13.44200721	5.169936271	9.000106455	11.71707458	4.286615936	12.53699151	10.594465176	11.15733448	13.37563667	5.726430204	12.55918115	4.636656248	7.781935242	7.607850191	11.54630621	5.38304633667	5.298302041	9.05221557	10.17606751	6.597386379	5.784118687	5.428620839	8.878158015	7.168850407	6.109057762	5.714184545	7.102871006	5.209464331	13.17461947	Control
Instance2	11.272491057	4.805564985	9.739840141	5.99820185	10.05747773	7.281144442	5.244897759	6.92323968	5.313618859	7.177920594	8.823645947	5.277995204	6.633253641	5.786342332	7.231893633	13.43914135	5.773212576	8.25032344	12.24572955	5.148437177	12.64414927	10.634747645	11.8267889	13.47671849	5.368428976	13.34981755	5.272407006	8.649032592	7.383490734	11.98934847	5.555093649	5.536838744	10.20167708	10.30496191	6.147057976	5.641409649	5.19062597	8.80035986775	7.806889715	5.4568451785	6.1044474	6.93387098	6.166218956	13.80159564	BRCA
Instance3	11.203772912	5.616777635	10.36525103	6.212526175	9.645289663	7.608404767	4.516306872	6.76904778167	6.037388399	8.414834386	9.0053680888	5.336114869	5.59156816	6.234487549	5.6473148935	13.62353635	5.870864797	8.349592102	12.12389031	5.465820435	12.41967063	10.52874487	10.78908143	13.104967985	5.465820435	13.42453443	5.379561399	8.937801287	7.409287238	12.03603115	5.46421904767	6.236545833	10.70468636	9.145347007	6.608332915	5.149148835	5.173838258	9.088125406	7.415237106	5.8381822935	6.144867877	5.829159022	6.220528877	13.830710045	BRCA
Instance4	10.460565705	5.99820185	9.910005977	7.242795702	9.452334495	7.829676956	5.660003917	6.47797389533	5.706538322	8.370459788	9.170222683	5.464840793	5.520195335	5.423251451	6.083925915	13.074006	5.793122872	7.718260793	12.44264168	5.182703468	12.73729283	10.303546001	10.75721104	13.09890984	4.899672619	12.65253473	5.412113573	8.826152109	7.738820392	10.73799536	5.54813415467	6.235732444	10.52975779	9.541213345	5.82808014	5.850631456	5.28559757	8.60479399275	7.699192644	5.9473627115	6.331145921	6.431711224	5.78869305	13.10958531	Control
Instance5	9.409379341	5.56971228	9.620316579	5.897247233	11.12211636	7.554207264	5.661216049	6.589569865	5.593959684	6.675961001	9.0136787314	5.115211455	6.047784427	5.792862671	5.467187666	13.54172225	5.536217098	7.361595391	11.97837451	5.294355387	12.54078076	10.8504276905	11.55095369	13.79174456	5.536217098	13.40746897	4.805822905	8.252229158	8.192380514	11.62550351	5.30357325	5.561716584	9.840864894	10.45621094	6.568568473	5.651059765	5.488491912	9.0447527455	7.469827229	6.4964374115	6.16425895	6.758893179	12.58150432	13.67035693	BRCA
Instance6	9.4130184875	13.23175973	9.126537434	6.125574263	10.51325413	7.231847873	5.443615974	7.12296279167	6.062214149	6.320264091	9.0940359528	5.298302041	5.541879718	6.291866548	7.3842858505	14.1577113	5.73607124	8.525208673	11.80634431	5.447257868	12.60891324	10.5095484925	11.36882578	13.645184875	5.032554093	12.82188064	4.790265497	7.960568361	7.716066843	11.3294966	5.448684967	5.78110476	6.358348455	10.5511798	6.123713395	5.703219255	5.388199225	9.497139958	7.152236984	6.60785894	5.609260937	6.172733142	12.50251243	13.80707185	BRCA
Instance7	8.787562717	11.67464041	9.037218243	6.101508918	9.4537342	8.219678124	4.932168974	7.111896621	6.314112464	6.423120638	8.9202518886	5.213941395	5.564234295	5.771893004	6.46426733	12.24154982	5.705709271	5.250782787	12.38541089	7.96549734	13.03029388	9.4125106255	10.42231215	12.91617066	4.759703782	11.51045032	5.328236218	8.154072682	7.509777231	9.519577839	5.79339804	5.920240442	7.503032882	11.17512864	5.850631456	6.046584505	4.765549899	8.76656036375	7.574141491	5.6801733885	5.032113243	6.853313064	10.54658128	12.56767587	BRCA
Instance8	10.614422057	5.464350722	9.091403071	6.162145193	9.770623066	7.56483756	5.212093857	6.889955486	5.651777341	6.14308278	8.369644763	5.989996857	5.66903474	6.180461809	6.750056149	12.95796723	5.451879748	7.134583224	12.15504123	4.668481241	12.60023009	10.2140968565	11.15889068	13.284951405	4.823508981	13.04549694	5.256643908	7.851001152	7.405718266	12.09119909	5.31003055167	5.651777341	8.982538116	11.1256332	7.117464214	5.820441464	5.193979903	9.10688767225	6.635867278	6.0495207925	5.582112807	6.796724685	11.59208337	13.646442645	Control
Instance9	9.5314758395	12.95548196	9.779514641	6.095613938	10.89786457	7.754087662	5.028581582	6.54146572467	5.802975918	8.252974189	8.9860671668	5.178725843	5.503993644	6.245558053	7.621467235	13.95556321	5.541182786	9.153147365	11.79378019	5.39361462	12.23971048	11.184447875	11.03869289	14.251632585	5.307438771	13.32090986	4.809043025	7.884523325	8.100269585	12.05538931	5.29941082167	5.841225451	9.306774385	10.29144157	7.818711782	5.821079567	5.872096916	9.4119868745	6.731764076	6.337979385	6.069858551	6.011904408	12.10466109	13.92629211	BRCA
Instance10	9.642308618	6.698430771	9.513254412	6.501961052	9.397268784	7.082364963	5.287630431	6.567837574	5.909779853	6.105390642	9.1544874618	5.114586962	5.689586587	6.163906872	6.198324399	13.03258307	5.233822166	6.678428044	11.68597092	4.867663307	12.08864757	10.267808214	11.09785784	13.036925645	5.044406414	12.38431166	4.314057196	7.134300849	7.731830036	10.29950601	5.29248360533	5.241850906	8.930486858	9.882975841	5.69321599	5.921252584	5.376786337	8.876164833	7.678267594	5.7598219305	5.434637608	7.254464427	11.29724747	12.911595045	BRCA
Instance11	9.558860226	5.387510099	9.699746436	7.277568994	10.83822324	7.711014946	4.893133131	6.75804793267	6.661853347	6.992205122	8.8417846972	5.77657203	5.561334729	5.914690831	5.754910936	13.6548665	6.062214149	8.823033698	12.16828986	5.69300685	12.33906368	11.205721865	11.53735445	13.99568036	4.879474508	12.91282298	5.211023147	7.910644417	8.703506626	10.84714372	5.39489482267	5.515077886	9.158313751	11.11942121	6.371476641	5.662640784	5.038053386	8.92888667775	7.593430574	6.208641296	6.110410879	6.887163104	12.12065594	13.336444535	BRCA
Instance12	9.3921496365	5.257964097	9.822443813	6.564534887	11.43314739	7.953456048	5.360022921	6.84553593567	6.267072826	7.871691396	8.778374557	4.921497326	6.122160836	5.955133321	6.535043833	13.39262134	5.773212576	8.814719539	12.69228318	5.41262171	12.30321003	10.73582642	11.44807772	13.610250215	5.572595075	13.49077697	5.622060057	8.695855636	7.538152306	11.67143283	5.59080149	5.447257868	5.420222366	10.82536054	6.861865828	5.613687265	5.557051033	9.09710020625	7.310797082	6.375481896	5.613687265	7.184357478	12.13760287	14.133262905	Control
Instance13	8.7147983615	5.431465218	9.650073918	6.139352456	10.4353997	7.021260744	5.04046645	7.14763895667	5.612950486	6.162699096	8.4433960844	5.303243061	5.748871259	6.351297601	6.6861140425	13.283571	5.252865266	7.972263464	12.18670552	5.702942321	12.51214052	10.74351715	11.66558698	13.593208165	5.006310647	13.12486126	4.997530935	8.086509293	7.447581521	11.58870072	4.981569429	5.279110251	5.457225929	9.934575887	6.342079669	5.759562832	5.524354632	8.92446506275	7.902708426	5.903314583	5.647898183	8.137709878	11.35464901	13.717874695	Control
Instance14	10.631558985	5.431298057	9.942749483	6.807229727	7.780213504	8.077191083	5.669814283	6.662767793	5.532169853	5.841225451	9.1536694738	5.196047562	5.6227922	6.843830389	6.2035328415	13.80179072	5.69544494	7.25221866	12.32890637	5.216077698	12.74633592	10.57214363	10.55803347	13.781224835	5.431298057	13.36098494	4.693784032	8.864968521	6.59529898	12.06323168	5.47473271133	5.333791561	10.3670273	7.318861647	6.424674922	5.836246857	5.292792099	9.0348962535	7.698810782	5.6600815695	5.601853411	6.439544705	5.168332398	13.99859808	BRCA
Instance15	8.9144644015	12.3181333	8.978768455	6.043635001	9.120018232	7.638474153	5.697531457	6.85914032533	6.086301455	5.923868951	8.9561246054	4.702259784	5.342706958	7.023203016	7.2166018795	13.41082367	5.133205159	7.254369939	11.98345514	7.362494272	12.46516723	9.6677951655	11.61592857	13.433996985	4.811228613	12.89109452	4.481826553	7.920890416	6.58736921	11.34473713	5.63404647867	5.297201735	8.485971282	9.135427853	7.469094598	5.541492575	5.03365563	8.88343571825	8.417157497	6.0033585645	5.964982644	7.655961991	10.46950983	13.808752855	BRCA
Instance16	8.7313364485	12.4899797	9.262635828	6.635758471	8.861467793	8.117164017	5.166124157	6.84955114467	5.476714818	7.264445239	8.7432766946	5.131765663	5.38906017	6.864684887	6.319377687	13.46017433	5.247843274	8.923402608	11.75625619	5.233246971	12.2754728	9.762271957	11.34927862	13.626376885	5.043313058	13.08056861	4.735808811	8.101399429	6.562170383	11.41646783	5.35568885767	5.555211263	8.63870843	8.04335698	7.799671995	5.679065704	5.65607532	8.755386523	7.473910928	5.5939594105	6.072969298	6.506966537	10.19314989	13.981464	BRCA
Instance17	9.449604418	5.472171943	9.503239959	6.276781031	9.566249648	7.258898404	5.515077886	6.57582786867	5.331822758	6.665268844	9.1882186398	4.923400286	5.428620839	7.233718229	7.0230501225	13.10298289	5.034316149	10.52528127	11.64347756	5.361251859	12.43084983	9.657060849	10.77710346	13.695659585	5.659504507	13.05207472	5.179920282	8.205061485	6.385953509	11.61752958	6.65760496733	6.078210195	9.87752231	7.695647856	6.888746673	5.702942321	6.161591078	8.577619258	7.379705698	5.620415832	5.974650478	6.115985842	4.91887665	14.06575512	BRCA
Instance18	10.225497431	6.025976276	9.574726497	6.582522603	7.643335147	8.263599169	4.886563865	6.60524252167	6.282074289	7.183985468	8.8635711788	5.568952692	5.264359319	7.093077154	6.2427986585	13.27502674	5.636777762	7.974186731	11.65676462	5.645882653	12.23093318	9.7727897885	10.81469083	13.715587005	5.575169544	13.41513704	4.96464266	8.03068248	6.545586666	11.60575973	5.49308264767	5.57834344	8.920911903	8.865718678	7.360761781	5.86159021	5.213649836	9.09766918875	7.572133883	5.7709950315	5.963191597	6.309026649	5.394901009	13.712322535	BRCA
Instance19	8.854760398	13.57316849	10.12959893	6.371171674	7.749066799	8.503548623	5.232287804	6.749496831	5.672857555	6.778573689	9.1316358628	5.682019293	5.732955137	6.707224951	7.3145037215	13.2860567	5.780317481	8.186474713	11.71129928	6.062537973	12.13138765	9.5570803765	10.52858624	13.47010462	5.412113573	13.40512953	5.246228736	8.137965979	6.783656769	11.84476863	5.87214272333	5.238988625	5.599177363	8.449954518	6.876182709	5.766470106	5.214135735	9.08804060175	7.538152306	5.7781471465	6.180213143	6.935197837	11.24502395	14.275570095	BRCA
Instance20	10.338725997	4.977521783	10.25507022	7.173979696	5.377654117	8.173903359	4.601155548	6.928649123	5.762422735	5.97155002	8.031900059	4.96556642	5.312983894	5.962960332	6.6333974505	10.20940192	5.123512303	6.824675979	12.69058957	5.088959125	14.1941174	10.641143955	11.35660343	11.559473305	6.396866433	14.28224325	4.71233763	8.876978171	6.13976173	9.385733612	5.37312985767	5.441376616	11.32825714	8.413470456	6.207019812	6.58304938	4.817893448	8.02929536925	7.360322846	5.81841107	5.606894664	5.886130184	5.039808741	13.81356339	BRCA
