ID	2066	3265	3570	2065	6774	3572	5894	6464	2033	1956	5604	2099	5290	10498	2885	23426	5595	5294	3569	5295	6654	5594	DependentVariable
Instance1	6.95704725	7.4423513115	7.3607351665	7.72959231833	11.45883824	7.9333841245	10.11570732	9.15105029633	9.886672502	7.05035509475	10.49127719	9.730640433	6.685313404	11.67358746	9.4954151895	5.190230876	11.634256725	6.299304767	13.60771409	7.0703331436	8.001564595	8.27215776867	Control
Instance2	7.043905282	7.8897640555	6.7993556185	8.29299504267	11.6077021567	7.4048335745	10.34726733	8.42779587067	10.41990782	6.79791370075	9.559434991	9.000521984	7.098719371	11.93178472	9.5539178325	5.580530872	11.27623323	7.09127967	8.608616259	7.6111323212	7.481398095	7.85669691467	BRCA
Instance3	6.961134568	7.856102429	6.9885103885	8.61219648367	11.5512263767	6.746000716	10.45388564	8.45925672733	9.740911174	6.80402066425	9.65317699	9.997137528	6.212526175	11.55940591	9.480270588	5.942638389	11.198356615	6.323194968	7.664022547	7.448654099	7.228580927	8.11094053067	BRCA
Instance4	8.068094548	8.398114105	5.437476412	9.33971037667	10.720960379	6.396885073	10.09500831	7.73867912133	9.510601559	6.3257817405	9.580847928	9.721262049	5.584068992	12.13864308	9.432546201	4.748208435	11.274247985	6.299945779	6.879402901	7.6522265588	6.648325671	7.98209816267	Control
Instance5	6.876182709	7.697637374	6.713419624	8.69692755433	11.54329104	7.1967420385	10.22872886	8.10318445333	10.27748534	6.78190965925	9.966174165	9.81640816	7.405441727	11.70577504	9.66718229	5.804912672	11.21839075	7.300126299	6.192791506	7.950268865	7.634958261	7.82991936767	BRCA
Instance6	6.800838843	7.3388634815	8.2488358865	7.78925410167	11.6186680667	8.242204655	10.624983	8.70127661067	9.934575887	7.10041818325	10.23164154	9.336507187	7.460253403	11.86917365	9.9164802245	5.984481833	11.07534033	6.725540512	10.84461576	7.4183463498	8.19601328	8.18650002	BRCA
Instance7	8.039907589	7.9742866725	5.637194395	8.248939717	10.620682972	7.576803353	9.961088297	8.36198243367	10.17277787	6.9842760015	8.977681421	9.281762644	6.662423158	13.15138292	9.167523377	5.123719213	11.151396135	7.476910459	6.331772944	8.3350079456	7.292025067	8.451561107	BRCA
Instance8	7.407227659	7.7095138065	6.608430203	8.406559835	11.4495990067	7.293049699	10.12277013	8.53051419067	9.744439113	6.998917209	10.00443156	10.02441981	6.020263967	11.37148006	9.1611827995	5.536217098	11.40345044	6.726903149	10.45145612	7.757716558	7.787382059	8.171538624	Control
Instance9	6.640032041	7.94496816	6.2591731015	8.54260094667	11.6033707233	7.2609392215	9.9831294	8.16926655967	9.125801619	6.85070537275	9.452231522	9.758015427	7.205282841	11.31896656	9.3657406255	6.385953509	10.99057863	6.426437217	10.12252426	7.6719006758	6.878728789	7.91861634733	BRCA
Instance10	7.229566594	8.148239231	6.5150511155	9.331463272	11.0351359567	7.290844843	10.28660429	8.39504068233	9.827664684	6.30061577025	9.69476318	12.15020274	7.606018576	11.78664344	9.70078824	5.029686155	11.551814785	6.76752611	7.723389827	7.3060563712	7.4960371	7.74245236133	BRCA
Instance11	7.108213734	8.198599078	5.7333269735	7.94965001167	11.0871946533	6.3767591575	10.23292486	8.62624266567	8.279449386	6.71360662325	9.736317839	9.325171145	6.657000843	11.20993781	9.153599552	4.424648213	11.573459625	6.847562044	9.620715209	6.9076540764	6.507481989	8.06297051567	BRCA
Instance12	6.890845266	7.4409667175	6.6192000355	8.33849148533	11.5050606867	7.2554830665	10.11618835	8.601359139	9.378501395	6.904091352	9.990983614	8.794335545	6.822223857	11.34349681	9.5256586835	5.75402647	11.32136754	6.739109305	10.86030351	7.509195938	8.512524314	8.197304519	Control
Instance13	7.040347606	7.6537280945	6.8511911655	7.78327094567	11.3647894967	7.392813365	10.13087976	8.523978557	9.675384217	6.94855824675	10.29596436	8.872275583	6.672535396	11.55392216	9.597360232	5.383886777	11.488573795	6.521369295	11.58397843	7.3656981534	8.640083234	8.151507585	Control
Instance14	6.56544914	8.1909422715	6.661347384	8.832561946	11.2640425267	5.8090001845	10.76657469	9.16094315833	9.604664936	6.51319229175	10.01433476	10.5927189	4.904979261	12.23236854	9.06038523	6.122057273	11.695521545	5.09930704	8.333559164	7.1534205814	7.7584583	8.08129530567	BRCA
Instance15	7.031111531	7.2806843915	5.699136844	8.41832689567	11.33747121	8.003035361	10.37973064	8.789516499	9.80990119	6.77269984975	9.712540381	9.968379206	5.472171943	12.39411974	9.5800955565	6.160330933	11.206231375	6.107798352	7.561137318	7.0222287176	7.8511886	7.95451796533	BRCA
Instance16	7.077406246	8.539009948	6.2152459745	8.91658138567	11.2932842667	6.144199015	10.55366796	8.419142242	9.987029866	6.93725355825	9.812386363	10.64831289	4.944168843	12.23463043	9.0393998015	5.967520965	11.49634678	6.07692847	6.535668564	6.9209080238	7.192690117	8.00665617633	BRCA
Instance17	6.400115736	8.146852134	6.137168282	8.98031495767	11.21401799	6.0146347415	10.73881029	8.58330978467	9.985543523	6.51560473275	9.916141133	11.63993091	5.538546893	12.17497101	8.9731778835	6.005406303	11.796022585	5.439300032	10.18060575	6.8965544166	7.688986551	7.86577453733	BRCA
Instance18	6.783984095	8.041917075	5.621692588	9.01494089033	11.2249138333	6.1533874645	10.51457134	8.49027171233	9.618225404	6.4814821935	10.0322459	10.2570139	5.070616072	12.12322914	8.9213733295	6.135150694	11.46459896	6.101508918	8.411575733	6.895239566	7.192172276	8.01917131267	BRCA
Instance19	6.16551567	7.888636145	5.8148997265	9.154723532	11.46263687	6.518102684	10.54450111	8.95843216133	9.505712886	6.70888373325	9.833428205	11.79340834	5.353156751	11.69149721	9.111304808	5.923393601	11.5411915	5.379907907	7.543536723	7.0040046146	7.574595656	7.890844983	BRCA
Instance20	7.287022318	8.85628218	6.4403255475	8.26768775333	11.7207938433	5.4629230455	5.97155002	8.67313689733	10.42139193	7.023639895	9.724718956	7.825835106	5.027033758	12.60891324	10.2970447	4.779274646	12.52079595	5.039808741	8.685494426	7.4112322548	8.480033951	8.742530249	BRCA
