ID	54518	7450	2266	2335	152	150	3674	151	2244	1445	5906	5747	10411	6714	10235	5908	9564	3690	2243	1398	25780	2885	7094	11069	5770	6654	DependentVariable
Instance1	10.69644187	14.70026172	5.61663289	5.784851809	5.802224334	9.182165345	5.361953639	6.3034206	5.66197871	10.35004996	7.005431822	9.55016911	9.235386689	6.75911734333	6.829700439	6.582741757	8.887952536	6.147515948	6.212296819	10.9291550067	9.620316579	9.4954151895	10.9484368	7.241175503	11.09785784	8.001564595	Control
Instance2	9.15231091	14.48484431	5.08042485533	5.68055279233	5.920184986	8.701446067	5.442455259	6.586994086	5.223664671	10.84346202	6.434568757	9.45642471	8.739072693	6.586005659	7.132440219	6.355006684	8.931846371	5.52873637	5.7937330178	10.8430461553	9.802112873	9.5539178325	10.35004996	6.635395722	10.92233559	7.481398095	BRCA
Instance3	9.031467655	13.62992806	5.12813079533	5.278519036	5.657931073	6.998762823	5.488973851	6.306978182	5.7185873855	11.26946293	6.699751273	8.9981409465	8.061480724	7.22912163867	6.44233236167	6.466000385	9.151968584	5.194176951	5.862260741	10.353336411	9.140447083	9.480270588	10.20981921	6.918270314	10.94914844	7.228580927	BRCA
Instance4	9.212168732	13.98232431	5.394216664	5.20244744133	5.4051304905	8.31440325	5.402254249	7.10544008	6.1111201375	11.31701417	5.6556447465	9.0133211855	9.674898929	6.91032494133	6.82223412667	6.3700012095	8.943878208	5.254944744	6.142895466	9.24789131367	9.707333731	9.432546201	10.43742988	5.903768142	10.74552751	6.648325671	Control
Instance5	9.432772131	13.44200721	5.16471474267	5.25964903267	5.352728787	8.040674833	5.256266489	6.323240012	5.524787686	11.32409911	6.4308542	9.0250253645	7.997322226	6.72839437467	5.95115512367	6.499527711	8.86238252	5.476714818	6.0545063174	11.076519951	9.642061229	9.66718229	9.987545106	6.64810992	11.08348284	7.634958261	BRCA
Instance6	9.365546625	14.1393823	4.86237598533	5.707811796	5.875564499	8.290457955	5.950883181	6.017538501	5.8811445325	11.07168041	7.3002942325	9.420287121	8.241317194	6.38912935567	6.38529059	6.8410633585	9.615648544	6.672712173	6.1325254104	11.51028325	9.990685863	9.9164802245	10.55627639	6.912892703	11.71457622	8.19601328	BRCA
Instance7	9.0923747	13.74350963	5.183358411	6.4670477	5.335488925	6.545663883	5.323740468	6.013356873	5.5239862235	11.3382407	7.2132301705	8.8796586	9.018235741	7.54701473933	6.670813718	7.062352436	9.176011741	5.418536788	5.8629718688	9.54237477033	9.908633222	9.167523377	10.32302692	5.946152572	10.92879244	7.292025067	BRCA
Instance8	9.679942359	13.93643461	5.73127573267	6.11171869767	5.4765994725	8.824028821	5.388371455	5.923036985	6.0018505655	10.5789154	6.7375606535	9.585335464	7.568927286	7.00963552967	6.53086701167	6.2456860685	8.83089633	5.838328613	6.2905934128	10.4230262683	9.333972157	9.1611827995	10.49035982	7.211745052	10.68230579	7.787382059	Control
Instance9	8.805777017	13.56248158	4.90385191767	5.79816158467	5.7251272775	7.822253937	5.151586144	6.645158085	5.5854962715	11.11718547	6.6237057305	9.2675642675	8.057817296	6.85674479767	6.17138796367	6.516538676	8.641980482	5.40668228	5.777716958	10.3226626667	9.259696855	9.3657406255	9.984080577	7.451110377	10.78374334	6.878728789	BRCA
Instance10	9.878281298	13.90066922	5.373245961	5.37743589167	5.577341862	8.76269025	5.384059522	6.429578829	5.882017596	11.00749006	6.458550254	8.984597332	8.457730865	6.973025285	6.79995732567	6.496219087	8.799282532	5.411944154	5.834084272	10.545324375	8.958930467	9.70078824	10.50808719	6.356941039	11.13901746	7.4960371	BRCA
Instance11	10.47980075	13.93264756	5.10876104267	5.303385894	5.6008039495	8.197955209	6.239603899	6.509304419	5.589234893	11.20477915	6.367097734	8.7160245685	8.381933448	6.89592443067	6.819022183	6.813421843	9.630226677	5.576228285	5.8878688452	9.79179927967	10.41191374	9.153599552	10.87277127	6.563429392	10.57445661	6.507481989	BRCA
Instance12	9.677226824	14.84397331	5.33171452	5.616571363	6.083677801	9.426946689	5.295182325	6.310163431	5.3609119885	10.56738599	6.6803573705	9.5799510855	8.292046787	6.98144085767	6.62620438833	6.676402561	8.536335742	5.887897624	5.890793344	10.508302728	9.563330297	9.5256586835	10.38874414	7.043905282	10.69259831	8.512524314	Control
Instance13	10.29322767	14.65913186	5.43919162867	6.18745509633	6.063143518	9.479103779	5.346257748	6.717131883	5.578027233	10.51810261	6.6358028665	9.807955308	8.768549192	6.75905554167	6.65612666467	6.4678002685	8.699521377	5.582263377	5.9960739032	10.776914439	9.061938927	9.597360232	11.16338255	6.758893179	10.93430845	8.640083234	Control
Instance14	9.777124244	14.26763347	5.244861722	5.540230241	5.9105883185	9.037369266	5.917677146	6.879586695	5.7407899085	11.10704394	6.5600925975	9.6749751715	9.672072194	6.82951290367	7.43063999967	5.7981775515	9.481880707	4.840980873	5.8533394194	10.0785233767	8.181178507	9.06038523	11.32350252	7.051810165	11.37859847	7.7584583	BRCA
Instance15	9.8765404	14.45371146	5.892500193	5.960731805	5.514672098	8.20821134	5.234397132	6.82706041	7.706848707	11.19715849	6.965484196	9.2641454985	8.577656473	6.91208436433	6.73612223267	5.632718325	9.246806572	4.788047896	6.6576685756	10.273357482	9.887921655	9.5800955565	10.42478333	7.751813702	11.03430052	7.8511886	BRCA
Instance16	10.03091577	13.37610779	5.01693401867	5.30175675867	5.4541574915	8.240709209	5.887593047	6.688394134	5.679065704	11.16642377	6.4715114345	9.278094081	8.823320364	7.22720437133	7.16314403933	5.6294457825	9.273365013	5.364932404	5.871486022	9.657730528	8.412983782	9.0393998015	10.80365511	7.293727115	11.22557215	7.192690117	BRCA
Instance17	9.199280412	13.42739342	5.221348673	5.298779371	5.243644092	8.637042439	5.946152572	6.741335941	5.594069333	10.99617883	6.023625171	9.5786882385	8.913937397	7.35444662233	7.053074466	5.676905305	9.479871756	5.229790979	5.9806233382	10.1347274673	8.059062012	8.9731778835	10.88922276	7.642487009	11.6020262	7.688986551	BRCA
Instance18	10.26227726	13.31846094	6.427978353	5.62889739467	5.639862964	8.539760899	6.109888752	6.813015157	5.8824568005	11.05496734	6.459501324	9.21652246	7.53348767	7.03736704367	6.85229716767	5.8486648255	9.229474442	5.69000583	6.2075168774	9.80282410467	9.300742141	8.9213733295	10.80905688	8.027423808	10.92591806	7.192172276	BRCA
Instance19	9.692319577	13.50983997	5.34856477533	5.63963242033	5.389578412	8.224798947	5.787648759	6.746585278	5.8434161095	11.23824666	6.2166346505	9.337026401	8.069988244	7.07743364033	6.84680968067	5.862625222	9.510275173	5.50954641	5.8517522696	9.86475183033	8.335882847	9.111304808	10.86047424	7.845617261	11.22643043	7.574595656	BRCA
Instance20	10.37511578	14.52512866	5.01021263533	5.319722061	6.17752377	9.74789133	5.113545539	7.366302814	5.783726554	11.61491238	5.5290771255	9.6546657745	8.192984556	6.94510312533	6.90030710867	5.6300144245	10.04737654	4.766875281	6.2169609176	8.419348991	8.825707034	10.2970447	11.58959862	5.886130184	7.591767528	8.480033951	BRCA
