ID	1457	3725	6722	3265	5599	5781	5894	6464	2002	5604	3479	5921	5290	3480	2885	5595	3667	2353	5294	5295	6654	DependentVariable
Instance1	7.90764269433	14.72492149	11.90369558	7.4423513115	5.939777752	11.64123906	10.11570732	9.15105029633	9.719046985	10.49127719	7.6246849295	7.65896220633	6.685313404	7.634903824	9.4954151895	11.634256725	10.10813927	14.72004222	6.299304767	7.0703331436	8.001564595	Control
Instance2	7.803043395	14.11502538	12.0948349	7.8897640555	5.0886580415	11.64123906	10.34726733	8.42779587067	9.192268846	9.559434991	6.947135646	7.532686946	7.098719371	7.713354077	9.5539178325	11.27623323	10.01141636	13.75148289	7.09127967	7.6111323212	7.481398095	BRCA
Instance3	7.94848537033	14.41297137	11.66204091	7.856102429	5.6701097255	11.37070935	10.45388564	8.45925672733	9.676230874	9.65317699	5.9026635435	7.43491518133	6.212526175	7.935549803	9.480270588	11.198356615	9.532322378	14.33042537	6.323194968	7.448654099	7.228580927	BRCA
Instance4	7.444988463	14.08054111	11.78440594	8.398114105	5.7758281875	11.77608148	10.09500831	7.73867912133	9.684192438	9.580847928	6.5710894325	7.53095120333	5.584068992	7.68113495	9.432546201	11.274247985	9.129946971	12.01436934	6.299945779	7.6522265588	6.648325671	Control
Instance5	8.520100527	13.43392773	11.30524968	7.697637374	5.704258658	11.54684638	10.22872886	8.10318445333	9.981439248	9.966174165	7.739494752	7.41149949233	7.405441727	7.919550328	9.66718229	11.21839075	9.959676393	12.40857396	7.300126299	7.950268865	7.634958261	BRCA
Instance6	8.51193804167	13.80946823	12.47196608	7.3388634815	6.517858181	11.95147243	10.624983	8.70127661067	9.979768545	10.23164154	7.375850429	7.47462674233	7.460253403	9.087722135	9.9164802245	11.07534033	10.00182726	13.96600025	6.725540512	7.4183463498	8.19601328	BRCA
Instance7	7.90176327133	13.91249272	11.85634588	7.9742866725	5.6011167705	12.03524768	9.961088297	8.36198243367	9.212867878	8.977681421	10.349737175	7.49866828033	6.662423158	7.203154957	9.167523377	11.151396135	8.873183485	10.44201071	7.476910459	8.3350079456	7.292025067	BRCA
Instance8	8.330459995	13.96294256	11.58622772	7.7095138065	5.401013329	11.28411575	10.12277013	8.53051419067	9.290572499	10.00443156	7.733044401	7.22554449667	6.020263967	7.320803087	9.1611827995	11.40345044	10.47490271	14.08516788	6.726903149	7.757716558	7.787382059	Control
Instance9	8.343961905	14.44356588	11.78440594	7.94496816	5.8779809975	11.64347756	9.9831294	8.16926655967	10.01823535	9.452231522	7.2965384015	7.130488018	7.205282841	7.809255459	9.3657406255	10.99057863	9.964760013	14.82357723	6.426437217	7.6719006758	6.878728789	BRCA
Instance10	7.705001504	13.15952927	11.68854659	8.148239231	5.5839936855	11.52775569	10.28660429	8.39504068233	9.726661428	9.69476318	6.6155769395	7.57770823567	7.606018576	8.284894788	9.70078824	11.551814785	10.08180334	11.55023948	6.76752611	7.3060563712	7.4960371	BRCA
Instance11	7.49544647233	14.17314893	11.72159494	8.198599078	5.9065229025	11.67803681	10.23292486	8.62624266567	9.68790976	9.736317839	7.5228200195	7.015802299	6.657000843	6.94204856	9.153599552	11.573459625	9.072521955	14.20597115	6.847562044	6.9076540764	6.507481989	BRCA
Instance12	8.17481472767	13.87385551	11.60131362	7.4409667175	5.767601547	11.69692854	10.11618835	8.601359139	9.524248408	9.990983614	8.087964069	7.32636290633	6.822223857	7.723969969	9.5256586835	11.32136754	10.04292168	14.15265365	6.739109305	7.509195938	8.512524314	Control
Instance13	8.22907692933	14.67256817	12.02214941	7.6537280945	6.1670985755	11.86292605	10.13087976	8.523978557	9.844219734	10.29596436	8.090572707	7.56845758133	6.672535396	7.678848562	9.597360232	11.488573795	10.43052602	14.61254488	6.521369295	7.3656981534	8.640083234	Control
Instance14	8.002619778	13.48222565	12.80095353	8.1909422715	5.967633391	11.0249286	10.76657469	9.16094315833	10.24378721	10.01433476	5.899641789	7.163410176	4.904979261	7.84580541	9.06038523	11.695521545	10.35004996	13.61588998	5.09930704	7.1534205814	7.7584583	BRCA
Instance15	8.40329123233	13.17144427	12.01701203	7.2806843915	5.329465727	11.92126273	10.37973064	8.789516499	9.913970625	9.712540381	8.452876529	7.512671056	5.472171943	7.737992796	9.5800955565	11.206231375	9.905109092	12.35733627	6.107798352	7.0222287176	7.8511886	BRCA
Instance16	8.04410134333	14.09890062	12.32769025	8.539009948	5.656097949	10.85319669	10.55366796	8.419142242	10.00415062	9.812386363	5.929829729	7.44853876433	4.944168843	7.440414751	9.0393998015	11.49634678	10.1431986	13.96294256	6.07692847	6.9209080238	7.192690117	BRCA
Instance17	7.69877329	14.01211384	12.82188064	8.146852134	6.071716146	10.89823124	10.73881029	8.58330978467	10.22872886	9.916141133	5.5987233425	7.34638663767	5.538546893	8.081511566	8.9731778835	11.796022585	10.02243063	13.92451704	5.439300032	6.8965544166	7.688986551	BRCA
Instance18	8.05336789633	13.34674991	12.50386679	8.041917075	6.259376137	11.4871292	10.51457134	8.49027171233	10.30881145	10.0322459	7.409838005	7.14949232	5.070616072	7.606499831	8.9213733295	11.46459896	10.25917864	12.40276968	6.101508918	6.895239566	7.192172276	BRCA
Instance19	8.29788210633	12.76004735	11.84868564	7.888636145	6.1648761405	10.89528011	10.54450111	8.95843216133	10.45750942	9.833428205	6.4844522785	7.19533388633	5.353156751	8.357443276	9.111304808	11.5411915	10.57522277	13.08977243	5.379907907	7.0040046146	7.574595656	BRCA
Instance20	8.10439908967	12.03663478	13.82037647	8.85628218	5.593235253	7.418614	5.97155002	8.67313689733	10.01669727	9.724718956	6.797392804	6.53442220433	5.027033758	7.732169334	10.2970447	12.52079595	7.724140554	8.405238411	5.039808741	7.4112322548	8.480033951	BRCA
