ID	4208	27043	10891	2033	2071	2099	8841	190	55869	8204	10014	23013	79885	10011	23426	6908	1387	10013	2957	595	51564	9612	126961	672	9734	9759	5469	10498	2962	2960	3065	3066	5430	11331	83933	DependentVariable
Instance1	9.521659876	8.712321608	8.588209721	9.886672502	10.0776573	9.730640433	10.01338937	6.497616856	7.642125947	11.04508749	6.6664981655	11.43208526	7.323192435	7.248817326	5.190230876	9.808393548	9.174412855	9.442218403	6.19672199167	13.0689563	6.884944907	9.760872578	5.50383468	5.98817485275	5.4909311486	7.470132382	8.142746712	11.67358746	10.15511583	8.647639314	11.78440594	10.03057097	11.4871292	10.89048111	5.994133479	Control
Instance2	10.58265505	9.506050226	7.63955981	10.41990782	10.50841903	9.000521984	10.17711462	6.026363672	7.335080175	10.52858624	6.8378488935	11.59376472	6.685663819	7.3332291065	5.580530872	10.0579109	9.719195242	9.397076215	6.546755609	12.87039849	7.025350633	10.0093969627	5.115003321	5.98222220675	5.4301820808	7.659783886	8.739072693	11.93178472	10.98225228	8.485226676	11.91473092	10.32139858	11.94573106	11.44094715	6.469157955	BRCA
Instance3	9.044121624	9.769077925	7.130779359	9.740911174	10.71269919	9.997137528	10.21491439	5.853877943	7.629850413	10.51730058	6.4272338325	11.465041	6.875722094	7.1298936905	5.942638389	10.09283678	9.441990946	9.630577078	6.85562510067	13.5121695	6.903225188	10.2414610627	5.407702206	5.7519684745	5.4736305128	7.581748786	8.327284429	11.55940591	11.02694718	8.561241279	12.53830178	10.48357425	11.65775177	11.85273637	5.862458365	BRCA
Instance4	9.709937252	10.64831289	8.913428843	9.510601559	10.43052602	9.721262049	10.32073319	5.391983545	7.908709536	10.25881955	6.6904173635	11.57935614	7.569098232	7.5090758915	4.748208435	9.728779829	9.0089772035	10.07481084	7.05714631167	13.61588998	7.1647339055	9.99650003667	5.254944744	6.35824610575	5.5121320566	7.569098232	8.444229248	12.13864308	11.21644291	8.088365735	12.34480084	10.86238187	11.94385185	11.96720294	5.28559757	Control
Instance5	10.17606751	9.229264129	7.334164045	10.27748534	9.889641277	9.81640816	10.18025763	5.993227837	7.221323992	10.52792683	6.646989595	11.16747477	6.894427107	7.2927524235	5.804912672	9.633676921	9.6688997565	9.249280073	6.393300929	13.04549694	6.9345056565	9.86432586567	4.805822905	5.846463069	5.236036336	7.828011294	9.435868748	11.70577504	11.01557728	8.460968914	12.03215778	10.84509426	11.82274022	12.08864757	6.309981606	BRCA
Instance6	9.550766562	8.845396841	7.057101267	9.934575887	10.75975321	9.336507187	10.35054176	5.749206573	7.27431088	10.74581949	5.7156422195	11.73774813	6.989766657	7.416876561	5.984481833	9.121838552	9.509274839	9.218358063	6.12875716333	13.37610779	6.9305234105	9.99534691433	4.980495207	5.8408213995	5.3297462202	8.501858203	8.48631327	11.86917365	10.5362572	7.788752789	12.38876812	10.68266132	11.63953303	11.48104019	6.111350232	BRCA
Instance7	10.64474883	10.68107171	7.629176499	10.17277787	10.0173308	9.281762644	10.26097865	6.121435737	8.1348641	9.944646595	6.127226145	11.38682457	7.519127338	7.4775972315	5.123719213	9.568545732	9.006275549	9.808200456	6.77246409467	13.46367638	7.4750927175	10.019898556	5.567888595	5.961989724	5.61729095	7.765039273	9.853185215	13.15138292	10.47933595	8.020564879	12.20235811	10.79412363	11.94707994	11.22308177	5.887288406	BRCA
Instance8	8.670303166	8.342209289	7.776434883	9.744439113	10.17798975	10.02441981	10.0572611	5.881671501	7.924992273	10.72425827	6.259011512	11.06473959	7.10473273	7.420809224	5.536217098	10.09936791	8.7304792815	9.538635703	5.942053216	12.73729283	6.9032877305	9.40777784033	5.517599514	5.8897078505	4.9343495104	7.686642557	7.509302192	11.37148006	10.18342483	8.703844	12.36089516	10.51975691	11.36417449	11.39318948	6.539938605	Control
Instance9	8.626175475	9.56076325	8.132681099	9.125801619	10.24019539	9.758015427	10.36730038	6.17627851	7.319290795	10.61799567	6.2641311135	10.91047056	7.202469453	7.132303996	6.385953509	10.068557	9.1075112315	9.300593442	6.17643489533	13.81715158	6.8102912445	10.1828814903	5.54798282	6.432318605	5.4992136004	7.941592183	8.312861547	11.31896656	10.89238744	8.446185008	12.41104094	11.06078055	11.48468963	12.15418213	6.383147516	BRCA
Instance10	9.596921694	9.748344293	8.847089556	9.827664684	10.10676612	12.15020274	10.0757536	5.634020526	7.502913581	10.80422	6.719389859	11.15202194	7.393135416	7.6006411045	5.029686155	9.813452991	9.532397347	9.740219732	6.51099236	13.40233131	7.1802547125	10.13424536	5.022158329	6.30739354225	5.1356954614	7.733101991	9.174452064	11.78664344	10.67333141	8.132128405	12.70249961	10.7059911	12.0199261	11.53193469	6.382499203	BRCA
Instance11	8.155224442	9.965265227	7.505535937	8.279449386	10.65722043	9.325171145	10.65887222	6.189879523	7.527870126	10.31728008	6.770007855	10.74066222	7.81672949	7.85096288	4.424648213	9.676966886	8.6873024975	9.918602815	6.18872641367	13.46367638	7.331547866	9.71978379333	4.761566465	5.86365203	5.2750790446	7.963634691	7.577959591	11.20993781	10.79666855	8.110550027	12.2076581	10.81229788	11.4243108	11.82578773	6.740661566	BRCA
Instance12	9.539333865	8.645353223	7.709361509	9.378501395	10.16944939	8.794335545	10.09500831	5.801553978	7.819989237	10.96733275	6.2132718515	11.09339134	6.892789063	7.057441725	5.75402647	9.878403925	9.023964326	9.530002016	6.66739253233	12.99332148	6.6725362605	9.64927309867	5.21024395	6.07698827325	5.40446793	7.649240232	8.197119763	11.34349681	10.27729935	8.649382947	12.30454677	10.75450781	11.55629063	11.36309182	5.862830272	Control
Instance13	9.778192608	8.900112912	7.865023539	9.675384217	10.08514084	8.872275583	10.07481084	5.685036955	7.606666382	11.00891197	6.2837857225	11.31587145	6.99712619	7.3963201725	5.383886777	9.64691917	8.87704806	9.547512066	6.611321398	13.31043176	7.3950788675	9.650336593	4.985740915	6.113923111	5.4337960234	7.429555554	8.080472632	11.55392216	10.38624004	8.621302014	12.29242381	10.41875948	11.66558698	11.36547782	6.328679975	Control
Instance14	8.108238405	9.00192967	7.208968629	9.604664936	10.93024227	10.5927189	10.85319669	6.0664182	8.250702417	10.33270825	6.91939558	11.84250171	8.077191083	7.7033118175	6.122057273	10.21839405	8.924929238	10.64717983	5.532633969	13.18898907	7.3476135805	10.5399980683	4.184130008	5.954637597	5.3116432942	5.676811285	6.088105148	12.23236854	10.41629907	8.809061578	13.00770101	9.618973255	12.19128143	11.3382407	7.035297081	BRCA
Instance15	9.473467881	9.056692662	8.117774412	9.80990119	11.10864878	9.968379206	10.88054035	5.873451033	8.340541268	11.24903656	6.5335608605	11.50810934	8.15920422	7.661501704	6.160330933	9.772562477	8.787588937	9.943244144	5.76435993667	14.23655206	7.2329874095	9.69454428667	5.114899242	6.0130931845	5.3892152472	5.456979618	6.801647336	12.39411974	10.04182378	8.501002294	12.8865864	10.22292804	11.14770754	11.29220962	6.339320583	BRCA
Instance16	9.134080446	9.032542472	7.367329836	9.987029866	10.88769302	10.64831289	10.69578097	5.915886099	8.068094548	10.78457782	6.9570606425	11.74892461	7.949915873	7.308538338	5.967520965	10.26730203	8.856661681	10.00278026	5.68797612733	13.61588998	7.248190004	9.88162942267	4.518505219	6.07672616175	5.4542530844	5.551524668	5.979345877	12.23463043	10.80422	9.069960645	12.99983714	9.81654816	11.96009799	11.57911804	6.748263724	BRCA
Instance17	8.150027916	8.827502388	7.743186956	9.985543523	10.61346285	11.63993091	11.01054579	5.9893725	7.710291801	10.79412363	7.0306546165	11.78440594	8.122285912	7.7537292895	6.005406303	10.29166028	9.171450661	10.3854637	5.68737918733	13.2267238	7.0891518875	10.8669942003	4.907144547	6.2494944275	5.3653876152	5.728744494	6.40650744	12.17497101	10.86526952	9.096966204	13.28052217	9.2623422	12.44988381	11.45478009	7.191160718	BRCA
Instance18	8.700336649	8.985629305	8.266295947	9.618225404	10.55979796	10.2570139	10.88857795	5.825538406	8.021134232	11.04264453	6.4570048145	11.62934992	7.949419847	7.5911282015	6.135150694	10.09627409	8.4836949415	10.07596747	5.66673193633	14.16199356	7.0686209525	9.74419115733	5.547365958	5.8834702945	5.1509871956	5.960819372	5.887653968	12.12322914	10.72254311	9.182779884	12.86051578	9.794773703	11.89363345	11.72725479	6.732747864	BRCA
Instance19	7.013297895	8.892346339	6.995657284	9.505712886	10.83660293	11.79340834	10.87439376	5.965790776	7.807710923	11.75528414	6.886594582	11.39453251	8.462462524	7.580512641	5.923393601	10.30144507	8.813489955	10.33318922	5.66898314867	14.14434519	7.0241706645	10.8745894117	5.274831217	6.10202210975	5.2847594106	5.476714818	6.240415109	11.69149721	10.84822018	9.118948289	12.95454627	9.832961643	12.2142175	11.56134298	7.358126164	BRCA
Instance20	8.817064493	9.349160193	8.348220383	10.42139193	10.83158062	7.825835106	11.63297943	6.807551749	8.510191648	11.09730811	6.8797549975	11.05666838	9.32218794	8.002756761	4.779274646	8.402085935	8.456160299	10.87818911	5.634660947	13.03513077	7.7280817035	9.047381277	5.065239741	5.64060950825	5.169041231	5.587673458	5.312983894	12.60891324	11.03013967	8.280493715	12.5801856	6.718605223	12.06768485	9.805280816	5.495224459	BRCA
