ID	10507	10398	9826	3985	6237	3984	389	388	4637	27289	387	103910	79784	4233	9475	6093	391	2064	5880	23365	971	5364	4627	4629	4628	2909	5879	5788	998	DependentVariable
Instance1	9.675666492	10.72822025	7.02290830967	7.48015195375	12.60891324	5.7690473375	11.607128575	11.16530919	14.868615505	8.99900014	12.37603319	14.03142469	6.6041713605	5.899182429	12.232557025	8.331209336	11.03947449	7.90862600467	9.146785748	8.942471345	6.402675817	10.18060575	13.84907197	11.859787502	12.31353576	6.0243245845	8.85850435833	5.552770925	7.16387589625	Control
Instance2	10.23200147	9.548582816	7.21726232233	7.04414112975	11.94269603	5.7228877405	11.60688604	9.494571179	14.59427939	7.013074525	12.57624761	13.80179072	6.866593426	6.1044474	12.3160764435	8.399610251	11.22221848	7.97213650833	9.807552605	8.967342365	6.70134502	10.67951553	13.891569195	11.7927582935	12.32990291	6.0833748875	9.23532012167	5.761736804	7.17118701125	BRCA
Instance3	10.79032021	9.435315409	7.14763954633	7.639806064	10.99298809	5.848293342	11.497233195	10.24168562	14.413290725	6.547670085	12.07257321	13.81715158	7.252554095	6.482691508	11.8573344895	7.854652002	11.18703979	8.06895283033	10.53833958	8.842775487	6.930799789	11.11027794	13.75032302	11.4736056545	12.21133327	6.0641228325	9.280236709	5.7813974245	7.03238297825	BRCA
Instance4	10.28757997	9.043272158	8.05055294367	6.702714714	11.64851725	6.1942824925	11.84688205	10.0879405	14.56683268	6.800741793	12.17972416	13.78998546	7.4843837605	5.838328613	11.581178851	7.179165475	11.14549296	8.41389790167	10.65628209	9.400581223	6.886736462	11.73344556	13.398875435	11.1017827755	12.44819383	6.1512488005	9.422761191	5.1671536775	6.55593589375	Control
Instance5	10.69375725	10.0568683025	7.28998991667	7.4804961735	11.70655442	6.176314587	11.36166858	10.24151283	14.451392145	6.289378595	12.74633592	13.67776426	7.138752583	5.978202066	12.51727103	7.894031227	11.3005472	8.097692024	10.3594479	8.361144506	6.830740585	10.44517037	13.566495775	11.680388844	11.66819594	5.818949264	9.29741101033	5.93158530625	6.99171327025	BRCA
Instance6	10.15177801	9.557260625	7.03831259267	8.0424994905	10.98249473	5.789661595	11.20450541	10.19762251	14.462546585	8.157600995	13.08540943	13.64479198	6.2151359165	6.638801971	12.441328291	9.001704532	10.87489706	8.12132754867	10.47450477	8.091899625	6.505895394	10.69259831	13.77629719	12.2208822595	12.24985722	6.0353176455	9.14697742367	5.9022013445	7.00999639125	BRCA
Instance7	10.50005538	9.327601013	8.002113911	6.7482112955	11.28199972	5.703437493	12.025628865	10.04482137	14.708214475	5.873451033	12.27941189	13.62992806	7.036584491	6.272028439	12.1160117875	8.073955593	11.15029011	8.122738224	10.71717755	10.10617723	6.387160565	11.76843466	13.078923755	10.8769208985	13.26439572	5.345324928	9.62804284167	5.875906139	7.10702874775	BRCA
Instance8	9.87752231	10.733250805	6.58638857667	7.16849511	11.76088636	5.9416429115	11.645811195	10.54158093	14.759152975	6.202570157	11.89259415	14.24390588	6.29045958	5.651777341	11.963258885	7.856831861	10.93858741	7.79389694967	10.03012262	8.742748263	6.555820468	10.21608532	13.50930683	11.915951494	12.50318977	5.7781221845	8.82865486733	5.4118146555	7.09973287325	Control
Instance9	10.4711725	9.845799635	6.90880436167	7.59178176025	11.27294773	5.8969290325	11.648237295	10.79666855	14.71451116	7.567844162	12.60350703	13.90556143	6.7521916105	5.995038554	12.3255748965	7.307431087	10.9376315	8.019000875	10.26043183	8.532863482	6.282027941	10.87189776	13.72048011	11.5757785155	11.88931963	5.778107276	9.29235500067	5.575716739	7.18183415025	BRCA
Instance10	10.53077724	10.378351527	7.28371304933	7.183120778	11.87114877	5.715837508	11.888048855	9.779978297	14.68063948	6.835675032	12.28213433	13.62353635	7.1195038055	5.819036642	12.275687156	7.897680799	10.97255645	7.913761785	9.886672502	9.242210154	6.735255184	11.05900997	13.491597765	11.822357845	12.33696264	5.859276261	9.23513699733	5.35829187075	7.09000222	BRCA
Instance11	10.25654518	10.0373552035	7.160270403	6.75268801025	12.20145783	6.0195573385	11.85577302	10.01228971	14.82748272	6.484948231	12.64120964	13.79334119	6.745340205	6.179665925	12.123539839	6.841316277	11.49713719	7.93639420467	10.24211452	8.584390499	6.894548369	10.63543271	13.418254445	10.442008333	12.46042141	6.131166869	8.92818876867	5.0602911245	6.604948967	BRCA
Instance12	10.02803075	10.1639710175	6.75902851233	7.0340587575	11.94088626	5.7070276755	11.7419056	10.54691402	14.908272875	6.940933492	12.30040269	14.10537413	6.558491508	6.375000864	12.134661438	8.010333857	10.94232227	7.69659012467	10.19163332	8.717266109	6.508314253	10.33946621	13.822927405	11.0416377135	12.3064449	5.626816635	8.97755484267	5.3468143985	7.351535111	Control
Instance13	9.634021946	10.946193935	6.97687083067	7.21921482175	12.45678569	5.7043025945	11.884615705	10.63754892	14.93364114	6.993564335	12.38074251	13.98232431	6.64851124	6.090224257	12.160273944	8.228615647	10.98130703	7.61830501433	9.450943738	8.680993366	6.203255613	10.15940501	13.836908725	12.082478885	12.34948589	6.0867965275	8.882604615	5.465254836	7.359104133	Control
Instance14	10.40991359	11.29332234	6.85179277033	7.0663661445	12.04910329	5.8907386725	11.966842005	8.406780188	14.99771485	6.494500115	11.64892389	14.23143385	7.15801939	6.016257423	10.9667634565	6.165666403	11.27496064	7.976917062	10.66919979	9.101726968	7.643136691	12.05342543	14.323725555	12.26098652	12.16491644	5.941827213	8.867882958	5.12336596575	6.6884391885	BRCA
Instance15	10.34320824	9.1132523685	6.49978576033	6.812054258	10.97417815	6.1120078265	11.33277077	7.445265536	14.68663905	6.54048116	11.744773	14.37348409	6.3944745635	5.837193482	11.161025592	6.754958049	10.7601172	8.20196223633	10.08289785	9.303010758	7.219848859	11.70232867	13.942857045	10.9654154825	13.29757193	6.0865881595	8.552349278	6.23823784275	6.843482732	BRCA
Instance16	10.39714011	11.388335305	6.75918551067	6.7913688215	11.966264	6.217322425	11.776968205	8.115695415	14.951050205	7.7743936	11.37964115	14.39263877	7.201211042	5.524197895	10.9770287015	6.390947607	11.52942337	8.116889369	10.46394351	8.874183054	7.184109482	11.73885977	14.082941605	12.892175915	12.27401999	6.2707956715	8.787767491	5.7894712835	7.08107622375	BRCA
Instance17	10.35359929	10.903625415	7.00616258367	7.1279667285	11.70577504	6.3668044235	11.394123935	7.883225397	15.00329297	10.29228169	11.16916418	14.46406102	7.1258339995	5.720012484	10.812047926	5.819036642	11.25184942	8.200041692	10.18465258	9.192268846	7.526814397	11.71129928	14.010534205	11.993800445	12.58150432	6.4724599345	8.934366304	5.2330931355	6.38540810175	BRCA
Instance18	10.44768279	10.646117668	6.901094345	6.69670091975	11.95778233	6.101992557	11.67737648	7.818200484	14.97262993	7.005852233	11.66819594	14.66897057	7.127579195	6.015700078	10.6804132185	6.462793134	11.48413324	8.184794248	11.04774441	9.086614694	7.134018419	10.8503707	13.732838535	11.8896793435	12.47296881	5.935314611	9.01840760867	5.380511539	6.7911300605	BRCA
Instance19	10.28488803	10.97209831	6.869329802	6.95575953725	11.80942059	6.1958131935	11.57237323	7.612022762	14.68731091	6.965931792	11.52630619	14.86491883	7.1506571725	5.878793533	10.7327467605	6.132068463	11.3382407	7.907871456	10.98249473	8.822746975	6.942664411	11.48413324	14.07774045	11.9101965635	11.98561971	6.295648859	9.258466301	5.27831365375	6.67358924525	BRCA
Instance20	10.18487569	10.95522331	7.01191404267	6.7337751	12.53830178	5.899944074	11.097214125	7.740609078	14.994120685	7.159924617	9.38829779	14.41536846	6.988346295	5.790127717	10.274589591	5.833276737	11.83486615	7.75563836833	10.06457475	7.591767528	8.534342889	10.47933595	13.880872615	12.541835795	12.19991163	5.464263376	8.91017192567	6.02382361625	6.6605798635	BRCA
