ID	50674	3110	2645	3087	3280	389692	6514	5080	168620	6928	6927	4825	3174	3171	3172	4821	3175	4760	3630	3170	5078	3651	3375	2494	5313	DependentVariable
Instance1	5.451055498	5.689167221	5.30303857733	7.772679326	8.604887804	6.940786709	5.583993803	5.230604573	5.692518737	5.37819775833	5.122684364	5.089382945	5.667190506	5.657219288	5.33486397267	5.428620839	5.1334633935	5.586773185	5.169936271	4.72407826833	5.519645097	5.488973851	5.492342928	7.39173118	5.3128980706	Control
Instance2	5.915587375	5.718917257	5.53179062767	7.628830314	9.369085347	6.566629193	4.472869269	5.35339357	5.424931532	5.22628037267	5.428620839	4.998208198	5.081308998	5.59724157	5.554592055	4.964758163	5.0505252295	5.488009811	5.773212576	4.84958602167	5.844869715	4.800655715	5.263796174	6.71542326567	5.0997063766	BRCA
Instance3	5.853877943	5.79507289	5.131792113	6.864189627	9.102934387	6.966652886	4.910026549	5.289122766	5.418452458	5.365571106	5.531000265	5.535750687	6.04843851	6.270253855	5.23872518267	5.30807618	5.209198193	5.34039425	5.870864797	4.81716279667	5.387682411	5.69419158	6.667754223	6.40646527267	5.105550821	BRCA
Instance4	5.423251451	5.193979903	5.41224549733	6.704530075	9.20788134	7.660033564	5.470383322	6.14375187	5.03343539	5.06054115367	5.119160314	5.673352364	5.754627826	6.462097831	5.69935539333	5.238988625	5.3935698285	5.490579154	5.793122872	5.236122477	5.470383322	6.16330311	5.549369797	6.30793926633	5.020910304	Control
Instance5	5.400889039	5.899786645	5.381060378	7.094872401	9.676468907	6.411854672	4.327000131	5.276348097	6.189286535	5.39434422033	5.308895293	5.275576309	5.84386532	5.406342144	5.55360892633	5.515235617	4.950879594	5.55659131	5.536217098	4.81480405567	5.799353673	5.744774144	6.252197663	6.81471293467	5.5222750642	BRCA
Instance6	5.597911946	5.861342069	4.78029427967	7.669064202	9.407703867	7.307043949	4.925775462	5.545486025	5.437137209	5.232873919	5.614718124	5.182306199	5.518071829	6.354474751	5.566893253	5.68215979	5.126412189	5.230079295	5.73607124	4.47085087867	5.817758343	5.872835683	5.727111263	6.67844293367	5.278206775	BRCA
Instance7	5.472984221	6.11442494	5.24441804267	6.880413479	8.78353124	6.807165314	5.323740468	5.218319899	5.183299167	5.521931349	4.783209568	5.178725843	5.657505139	6.213158304	5.38518767133	5.201056716	4.665101651	4.811100141	5.705709271	4.953474254	5.442621133	6.101508918	5.062651968	6.26410483467	5.3893093744	BRCA
Instance8	5.042218873	6.114997467	5.44014183767	7.224100886	10.29060673	7.541331155	4.795729695	4.8963888355	5.817118769	5.34989646533	5.297935366	4.508458671	5.937939457	6.190817922	5.43629398833	5.032113243	4.747327969	5.088959125	5.451879748	5.14748256267	5.540872931	5.741879005	6.026363672	6.82586681733	5.1581699328	Control
Instance9	5.015037253	5.643720028	5.20127672467	7.30286993	9.697254787	7.246030653	4.920187583	5.009471916	5.40668228	5.54361099833	5.789736585	5.082799703	5.639529738	6.114997467	5.33139806033	5.751417692	5.1151529145	5.157459364	5.541182786	4.608346826	5.766072507	5.368254349	6.044345618	6.37249369333	5.1628675654	BRCA
Instance10	4.694341356	5.935466377	5.52820953933	7.502038402	10.27711334	7.569269157	5.190230876	5.517366762	5.723088359	5.40106229	5.813403636	5.177231401	5.376786337	7.090062454	5.69681262833	5.679206489	5.17530414	5.550755441	5.233822166	5.18068152933	5.738505243	5.416004724	5.784773056	6.44741450233	5.3102028742	BRCA
Instance11	5.401401144	6.389915763	5.520952032	8.715997264	9.527448232	7.958452847	4.674142501	5.303078542	5.331106163	5.11533942167	5.500173644	5.63256723	5.749340677	6.331145921	5.63502233633	5.530766234	5.043062169	5.720286161	6.062214149	4.733633103	5.609704182	5.361251859	5.622499388	6.554608642	5.4747015372	BRCA
Instance12	5.309441109	5.636487775	5.419747676	7.870921229	9.3201863	7.75854158	4.835433068	5.58559599	5.504788206	5.223337358	5.156448444	5.904129552	5.700724934	5.194176951	5.28089469433	5.532793245	5.10402565	5.066101302	5.773212576	5.02464865833	5.998765996	5.168332398	5.76368461	7.09578981933	5.2807451622	Control
Instance13	5.422074229	6.026031625	5.49564778167	7.778571841	8.730589968	7.680255999	4.951647528	5.408658799	5.36650691	5.18306171	4.963024656	5.330747731	5.21588362	5.859728116	5.72894961533	5.761558711	5.3557174885	5.266422307	5.252865266	5.249329214	5.259471408	5.057679059	5.346257748	7.30272089933	5.437678959	Control
Instance14	4.998433881	6.104971499	5.18523056133	6.246365924	9.498391063	6.704530075	4.482788153	5.7670854825	5.401230463	5.29072487367	5.259094728	5.325000691	4.988243006	5.754627826	5.58184951733	5.250403832	5.164657489	5.371568663	5.69544494	4.94516307967	5.580003175	5.2209212	5.815070224	6.53334562533	5.0367210076	BRCA
Instance15	4.945808121	5.709987583	5.39372571767	7.318861647	9.329427	7.591674041	5.251351034	5.4986564245	5.636197729	5.076681051	5.412113573	4.889487232	6.236976265	5.577890454	5.20243056933	4.508617026	5.538124092	4.819682582	5.133205159	5.38560136933	5.78712633	5.354038858	5.644945914	6.507171722	5.1866950352	BRCA
Instance16	5.355449107	5.844744204	5.55735813	6.834727409	10.78663743	7.136788979	5.01168711	5.77777293	5.52701656	5.176088713	5.610959302	5.687068563	5.599028548	6.607926227	5.524845156	4.863456876	5.3512626855	5.296743026	5.247843274	5.173271033	6.070771017	5.05203679	5.844744204	6.17189221333	5.1393267096	BRCA
Instance17	4.872103847	5.88179384	5.276280094	6.345454592	11.19124141	6.824325931	5.07383228	5.516028829	5.479627701	5.54059751633	5.510812619	5.425938643	5.139767484	5.859541774	5.70024160433	5.529361248	4.9656958315	5.080669653	5.034316149	5.27685305967	5.68173826	5.242422681	5.357737827	6.749587673	5.1429804608	BRCA
Instance18	5.056812452	5.796241636	5.31023041433	6.559496115	10.33713157	7.063775592	5.503993644	5.76098172	5.55275458	5.37951627233	5.58151037	5.872835683	5.145485133	6.437382249	5.64371774567	5.384059522	5.0341055605	5.705018031	5.636777762	5.021561679	5.913853554	5.272873517	6.38888318	6.22414981633	5.3052654106	BRCA
Instance19	5.16863326	5.793773171	5.49999523867	6.436091549	10.38787223	6.709018743	5.122477305	5.601170333	5.416173666	5.276302811	5.503198645	5.479789356	5.33361269	6.113175002	5.43761727233	5.511603435	5.4136341315	5.127644885	5.780317481	5.00232770567	5.852130742	4.982093747	5.890939859	6.31336109333	5.3401858144	BRCA
Instance20	5.345725686	6.750007239	5.32017902367	7.43588092	10.40231958	7.347402401	5.255700175	5.250863989	4.904256777	5.25814530733	5.80517071	4.162385722	5.19062597	6.271561655	5.04830411033	4.700180125	5.0430356015	4.990286948	5.123512303	5.09413072467	5.861404108	4.632300425	5.657076342	6.32944039567	5.0637061424	BRCA
