ID	3725	3265	4660	5599	823	58	5894	826	6464	7414	7791	7145	387	84290	87	5829	6093	1445	6714	5906	5747	3672	5605	5604	9564	857	2889	3688	1399	2885	5595	7094	613	2534	88	6654	5594	89	DependentVariable
Instance1	14.72492149	7.4423513115	7.3213517445	5.939777752	11.2551704	6.569556123	10.11570732	11.697272845	9.15105029633	9.67691596567	11.191928865	10.98643958	12.37603319	5.309623002	13.43392773	7.441203595	8.331209336	10.35004996	6.75911734333	7.005431822	9.55016911	9.101017795	11.44994835	10.49127719	8.887952536	13.206076235	8.096419889	9.30169669467	12.02214941	9.4954151895	11.634256725	10.9484368	7.402056661	9.2289642325	6.68951277	8.001564595	8.27215776867	5.69544494	Control
Instance2	14.11502538	7.8897640555	8.550400766	5.0886580415	11.68974045	5.19062597	10.34726733	11.931845525	8.42779587067	9.12675963167	11.42208428	10.4663776	12.57624761	5.355449107	13.88775422	7.229350286	8.399610251	10.84346202	6.586005659	6.434568757	9.45642471	7.86511636	11.52169626	9.559434991	8.931846371	12.113213965	8.308590396	8.828078384	12.15020274	9.5539178325	11.27623323	10.35004996	7.1289164645	8.8907159655	6.68426165	7.481398095	7.85669691467	5.483179924	BRCA
Instance3	14.41297137	7.856102429	7.1923046205	5.6701097255	11.88601099	5.283469238	10.45388564	12.01265521	8.45925672733	9.01275273233	11.244830345	8.662028433	12.07257321	5.724112195	13.69550076	7.347468842	7.854652002	11.26946293	7.22912163867	6.699751273	8.9981409465	7.148936963	11.72288448	9.65317699	9.151968584	10.5864353725	8.06587291333	8.9042892375	12.31403378	9.480270588	11.198356615	10.20981921	7.0926896005	8.275073194	6.570846646	7.228580927	8.11094053067	5.014814152	BRCA
Instance4	14.08054111	8.398114105	7.739516337	5.7758281875	11.65213254	6.563810693	10.09500831	11.69996459	7.73867912133	8.737483073	11.636599335	9.875388873	12.17972416	5.442289366	14.12961268	7.84508404	7.179165475	11.31701417	6.91032494133	5.6556447465	9.0133211855	6.516492413	11.42772678	9.580847928	8.943878208	10.9511039505	7.75608816367	8.75186424133	11.37479785	9.432546201	11.274247985	10.43742988	6.88167523675	8.08464112175	7.162091995	6.648325671	7.98209816267	5.346612346	Control
Instance5	13.43392773	7.697637374	7.6832427075	5.704258658	11.8267889	5.301780818	10.22872886	11.99649338	8.10318445333	8.90807702667	11.53599947	9.532570767	12.74633592	5.494584616	13.52549699	7.615006311	7.894031227	11.32409911	6.72839437467	6.4308542	9.0250253645	7.441058314	11.8471671	9.966174165	8.86238252	12.094032035	8.12260925067	9.13491446	11.90965135	9.66718229	11.21839075	9.987545106	7.4523840255	8.34620788925	6.308617188	7.634958261	7.82991936767	5.468103682	BRCA
Instance6	13.80946823	7.3388634815	8.156859977	6.517858181	12.36339568	5.802329755	10.624983	11.72437653	8.70127661067	9.82544504333	11.767817685	10.19842697	13.08540943	5.14017664	13.39262134	7.335951076	9.001704532	11.07168041	6.38912935567	7.3002942325	9.420287121	7.98845907	11.5852209	10.23164154	9.615648544	13.169679585	8.40450445433	9.489530799	12.34480084	9.9164802245	11.07534033	10.55627639	8.244265727	8.716652398	6.448203566	8.19601328	8.18650002	5.694818396	BRCA
Instance7	13.91249272	7.9742866725	8.917446952	5.6011167705	11.27204377	5.472984221	9.961088297	11.524918645	8.36198243367	9.11190392067	12.21307303	9.693199925	12.27941189	5.28356184	14.57543497	7.91692611	8.073955593	11.3382407	7.54701473933	7.2132301705	8.8796586	7.580354917	11.16076662	8.977681421	9.176011741	9.2216698995	8.232537209	9.251714595	11.50866771	9.167523377	11.151396135	10.32302692	6.14302696	8.39165280725	6.401567006	7.292025067	8.451561107	6.038980014	BRCA
Instance8	13.96294256	7.7095138065	7.4539681055	5.401013329	11.60505131	5.551370856	10.12277013	11.71505535	8.53051419067	9.380750741	11.4797854	9.081803715	11.89259415	4.494877856	12.86342169	7.737283051	7.856831861	10.5789154	7.00963552967	6.7375606535	9.585335464	7.865827785	11.28922369	10.00443156	8.83089633	12.42221496	7.82778458767	9.23773095817	11.90894245	9.1611827995	11.40345044	10.49035982	6.9500503585	8.80415305075	6.884418198	7.787382059	8.171538624	5.853628472	Control
Instance9	14.44356588	7.94496816	7.2074709075	5.8779809975	11.85690996	5.771232765	9.9831294	12.07541004	8.16926655967	9.253283331	11.015461655	8.676883662	12.60350703	6.086407617	13.11510467	7.766232595	7.307431087	11.11718547	6.85674479767	6.6237057305	9.2675642675	7.418993406	11.82274022	9.452231522	8.641980482	11.441748505	8.16675555833	9.05065703483	11.86434298	9.3657406255	10.99057863	9.984080577	7.14309656525	8.0162301535	6.341457111	6.878728789	7.91861634733	5.529517425	BRCA
Instance10	13.15952927	8.148239231	7.892070953	5.5839936855	11.49594259	5.608965365	10.28660429	11.963536945	8.39504068233	8.70731128767	11.249102325	10.09662988	12.28213433	5.096358059	13.75810714	7.647892114	7.897680799	11.00749006	6.973025285	6.458550254	8.984597332	7.512564929	11.64681981	9.69476318	8.799282532	11.881986655	8.199921005	9.06946628383	11.70471109	9.70078824	11.551814785	10.50808719	7.10464715825	8.42904151725	6.908516092	7.4960371	7.74245236133	5.524354632	BRCA
Instance11	14.17314893	8.198599078	6.2150863915	5.9065229025	11.72339443	5.541492575	10.23292486	12.24721091	8.62624266567	8.53835121633	11.469775155	9.869351366	12.64120964	5.199683385	13.03513077	8.041222615	6.841316277	11.20477915	6.89592443067	6.367097734	8.7160245685	7.438794191	11.94944384	9.736317839	9.630226677	12.15689855	8.20243453067	8.5429645305	11.37712933	9.153599552	11.573459625	10.87277127	7.69392134225	8.9502413505	6.631326684	6.507481989	8.06297051567	6.025201173	BRCA
Instance12	13.87385551	7.4409667175	6.7934792275	5.767601547	11.72339443	6.167122676	10.11618835	11.713526895	8.601359139	9.27988523833	11.01889492	9.984810456	12.30040269	5.401230463	12.83735302	6.876459007	8.010333857	10.56738599	6.98144085767	6.6803573705	9.5799510855	8.342898175	11.38105635	9.990983614	8.536335742	12.90706253	8.218543204	9.18007328783	11.8968755	9.5256586835	11.32136754	10.38874414	7.10276194725	8.477755757	6.454961876	8.512524314	8.197304519	6.015030979	Control
Instance13	14.67256817	7.6537280945	7.4553755765	6.1670985755	11.83377967	6.079490783	10.13087976	11.805286635	8.523978557	9.66705962233	11.243250335	10.89468537	12.38074251	4.966489589	13.26600764	7.126500894	8.228615647	10.51810261	6.75905554167	6.6358028665	9.807955308	9.099519506	11.33166731	10.29596436	8.699521377	13.418552165	8.05578707333	9.52376826383	11.78748237	9.597360232	11.488573795	11.16338255	7.04497527125	8.5293685075	6.8430452	8.640083234	8.151507585	5.633148724	Control
Instance14	13.48222565	8.1909422715	6.522482528	5.967633391	11.82848969	6.848689049	10.76657469	12.18507916	9.16094315833	9.297521207	12.03353387	9.112896304	11.64892389	4.607970639	12.95175557	7.476667486	6.165666403	11.10704394	6.82951290367	6.5600925975	9.6749751715	7.626842693	11.29445435	10.01433476	9.481880707	12.50149699	8.51274768967	9.15082053767	11.92436912	9.06038523	11.695521545	11.32350252	6.95072196525	8.5706565075	6.722606479	7.7584583	8.08129530567	5.65836235	BRCA
Instance15	13.17144427	7.2806843915	6.606060128	5.329465727	11.81753744	5.812184526	10.37973064	11.487990085	8.789516499	9.499998977	11.29556779	9.736123312	11.744773	4.780849891	14.01689273	7.061023135	6.754958049	11.19715849	6.91208436433	6.965484196	9.2641454985	9.408383416	11.28106518	9.712540381	9.246806572	11.97200604	8.32439668333	9.44121959	12.10871075	9.5800955565	11.206231375	10.42478333	6.8465411235	8.93480514275	6.837126844	7.8511886	7.95451796533	5.923868951	BRCA
Instance16	14.09890062	8.539009948	6.7413607975	5.656097949	11.77387079	7.824005841	10.55366796	12.14634393	8.419142242	9.31806579233	11.95755105	8.907943022	11.37964115	5.335936286	14.08845827	7.18631515	6.390947607	11.16642377	7.22720437133	6.4715114345	9.278094081	8.035817876	11.36168902	9.812386363	9.273365013	11.872194975	8.01006157867	8.933464829	12.16730219	9.0393998015	11.49634678	10.80365511	6.36958253925	8.1157153055	6.741740415	7.192690117	8.00665617633	5.579701547	BRCA
Instance17	14.01211384	8.146852134	6.7795959815	6.071716146	11.538548	7.461993252	10.73881029	12.15871019	8.58330978467	9.088854201	11.675560265	8.458335989	11.16916418	5.45517205	12.37349196	7.089003169	5.819036642	10.99617883	7.35444662233	6.023625171	9.5786882385	7.332867062	11.42163372	9.916141133	9.479871756	11.745184475	8.288915847	9.05192720867	12.06924173	8.9731778835	11.796022585	10.88922276	7.09904829625	7.9997957695	6.544698369	7.688986551	7.86577453733	5.919942619	BRCA
Instance18	13.34674991	8.041917075	6.7639472735	6.259376137	11.6923846	6.011233546	10.51457134	12.027194215	8.49027171233	9.11794216067	11.44444745	9.073606794	11.66819594	5.221114603	12.98137289	6.949625755	6.462793134	11.05496734	7.03736704367	6.459501324	9.21652246	8.062681816	11.31587145	10.0322459	9.229474442	11.47644482	7.850534738	9.04214245483	11.92126273	8.9213733295	11.46459896	10.80905688	6.81036109175	8.34669283075	6.651845045	7.192172276	8.01917131267	5.617365526	BRCA
Instance19	12.76004735	7.888636145	6.5624381805	6.1648761405	11.59733576	5.243755943	10.54450111	12.557263195	8.95843216133	8.755771008	11.431662305	8.585001127	11.52630619	5.052688948	12.46971692	6.913790365	6.132068463	11.23824666	7.07743364033	6.2166346505	9.337026401	7.660960561	11.57272404	9.833428205	9.510275173	11.388876995	7.78803484367	9.0875921835	11.51973221	9.111304808	11.5411915	10.86047424	7.1247906185	8.21665827025	6.556203785	7.574595656	7.890844983	5.839462851	BRCA
Instance20	12.03663478	8.85628218	6.25801717	5.593235253	12.0344036	5.290397907	5.97155002	11.64622879	8.67313689733	9.11742445167	12.727007565	10.16341103	9.38829779	5.002940155	14.46865842	7.767226277	5.833276737	11.61491238	6.94510312533	5.5290771255	9.6546657745	8.462247785	11.3119244	9.724718956	10.04737654	11.856782875	8.730724321	8.1006439875	11.86526555	10.2970447	12.52079595	11.58959862	6.87914917925	7.74146486825	6.264447878	8.480033951	8.742530249	6.279290785	BRCA
