ID	4208	4209	4149	3265	4207	4205	8550	1432	2002	6464	6772	9261	3315	3316	7042	6416	8569	7040	7186	8737	1649	1386	7046	8717	3150	7043	4217	4214	5321	9252	4293	6885	5608	1385	1616	2885	5879	998	4609	DependentVariable
Instance1	9.521659876	10.4068032	6.8375421116	7.4423513115	6.663490948	7.78313105	8.6131693455	7.09994864525	9.719046985	9.15105029633	10.31346778	7.3429582785	13.18452521	10.71269919	6.78103548	8.585478725	7.6838955385	5.682300273	7.722570406	9.943694688	8.792628551	8.727649179	6.451380618	8.13891188267	11.83696534	9.289875449	9.636896969	10.46146439	5.689167221	7.256578464	6.186565552	9.487800372	5.85530403967	10.707890538	9.030281671	9.4954151895	8.85850435833	7.16387589625	11.83974258	Control
Instance2	10.58265505	10.70325065	6.6132613134	7.8897640555	6.316829651	7.902708426	8.3752710795	6.60639379225	9.192268846	8.42779587067	10.329653278	7.508147197	12.74140174	9.812141649	6.166218956	8.106593131	7.3510555305	5.101199635	8.156008632	10.07879165	9.578250555	7.390558334	6.425850025	7.57672874133	12.073843205	9.578863787	9.908805826	11.6627575	5.663779561	7.931104142	6.680926028	9.4310771815	6.054235957	11.4528809893	9.473939649	9.5539178325	9.23532012167	7.17118701125	10.569760214	BRCA
Instance3	9.044121624	10.32680616	6.665051653	7.856102429	6.52305663	7.507995028	8.6506075105	6.58493097	9.676230874	8.45925672733	10.0589241477	7.067906808	11.85473021	9.188663714	5.995434345	8.6701660175	7.22130858	5.014814152	8.551997661	9.929872764	8.778833709	7.432878264	6.18913825	7.91175192233	12.621348135	9.330514214	9.513535713	11.77105209	5.682862067	7.428122563	7.087943107	8.9013859115	6.35618041933	10.8440250817	9.369221698	9.480270588	9.280236709	7.03238297825	11.54593261	BRCA
Instance4	9.709937252	10.46847669	6.3501149108	8.398114105	6.648325671	7.016310012	8.4311802525	6.0589973865	9.684192438	7.73867912133	10.100698262	7.5757878185	12.10651723	9.506942805	5.797150007	8.231806127	7.550181463	4.808914358	9.141437341	10.01119619	9.124600272	6.4694836	5.673352364	7.18497456933	11.493006387	10.06419075	10.2853274	12.00382718	5.460424154	7.4437513505	7.290182754	8.417672848	6.36100294267	11.337274206	9.851765094	9.432546201	9.422761191	6.55593589375	10.2570662725	Control
Instance5	10.17606751	9.976772145	7.0390496008	7.697637374	5.86196234	7.945504008	8.749129863	6.730522711	9.981439248	8.10318445333	10.5729125313	7.645516256	12.65578567	9.256055991	6.737352562	8.6043275615	7.490961799	4.828848945	8.106250323	9.484878832	9.442057669	7.558059277	6.53056679	7.786651762	12.512242245	9.272076349	9.842350785	11.72645885	5.599028548	7.794648318	7.144329712	9.2133861525	5.979395943	11.0490871027	9.396953172	9.66718229	9.29741101033	6.99171327025	11.50644256	BRCA
Instance6	9.550766562	10.91587586	6.7679002552	7.3388634815	6.127948551	8.516705752	8.944402292	6.87151716925	9.979768545	8.70127661067	10.5815088053	7.5964459115	12.15735176	8.550151431	7.238598499	8.9337864765	7.9775367345	5.321216715	7.922110302	10.12499078	8.879798508	8.61053686	6.537921615	8.01981551	12.33796858	9.540317507	9.445998278	11.51112271	6.376000002	7.69743404	7.1507656	9.9163703245	5.98125183967	10.8002004453	8.235417282	9.9164802245	9.14697742367	7.00999639125	12.17961768	BRCA
Instance7	10.64474883	10.09149526	6.926938337	7.9742866725	6.060269679	7.842729237	7.866317614	6.362735412	9.212867878	8.36198243367	11.3817422673	7.3846532985	12.66081938	9.969631552	6.518854253	8.457614913	6.9360294185	4.73770262	8.283761058	9.601752743	8.400240246	6.689582656	7.387675143	6.84780819533	11.308558342	11.79415195	10.88558411	12.26224618	5.333433796	7.844629794	5.701348918	8.575344218	6.79660585167	11.1354255073	9.700778298	9.167523377	9.62804284167	7.10702874775	10.2032142635	BRCA
Instance8	8.670303166	10.37227772	7.0799700492	7.7095138065	6.500009775	7.642631408	8.731566002	7.0975611175	9.290572499	8.53051419067	9.76574384767	7.097562405	12.89900003	10.48635768	7.822174254	8.519260169	7.2742748985	5.167931151	7.748127633	9.671351374	9.856531013	8.441575941	6.018039483	8.008015864	12.8093075	10.56613044	8.478204487	10.99477083	5.891304496	7.921844917	6.222848625	8.9471097785	5.93944441167	10.258386433	8.817432296	9.1611827995	8.82865486733	7.09973287325	11.820520445	Control
Instance9	8.626175475	10.19459101	6.8624420014	7.94496816	6.308617188	7.29632232	9.1104104155	6.41978303225	10.01823535	8.16926655967	9.956344037	7.4254276565	12.28769659	8.989523027	6.303694572	8.505661469	7.165259291	5.46083367	8.550151431	9.108531726	9.174452064	7.598929252	6.385953509	7.927182045	12.626348255	9.938499406	9.024350935	11.9611296	5.847816088	7.9904688245	7.383015446	9.204869818	6.398579306	10.6759547673	9.320067806	9.3657406255	9.29235500067	7.18183415025	12.140966635	BRCA
Instance10	9.596921694	10.26978741	6.8567213522	8.148239231	6.124747507	7.098982487	8.2279334285	6.2012063225	9.726661428	8.39504068233	10.3519697093	7.581342169	13.22888561	10.06406609	6.274406692	8.616861979	7.1768613545	5.062004299	8.509301078	9.863923404	9.727801838	6.79980331	6.276734513	7.73106613	12.29931802	9.642061229	9.918602815	11.43790563	5.838328613	8.0356480365	7.803584057	8.9430429875	5.92169088967	11.1110274023	9.83968846	9.70078824	9.23513699733	7.09000222	9.975804059	BRCA
Instance11	8.155224442	9.972685879	6.2691573984	8.198599078	6.248597096	6.186218877	8.7937986075	5.5612686795	9.68790976	8.62624266567	9.93530678933	7.82250581	13.23568448	10.76808942	5.609704182	7.974032126	7.5839049945	6.147057976	8.81368591	9.933705821	10.33946621	7.29034405	6.183690582	8.26798057567	11.48443279	10.31728008	8.979483163	11.22161448	6.313976471	6.9194271435	7.358060212	8.596587527	5.64379041867	11.005151922	10.1781672	9.153599552	8.92818876867	6.604948967	10.829470512	BRCA
Instance12	9.539333865	10.20167708	6.7864949062	7.4409667175	6.1476177	7.641421617	8.5231431435	6.791169903	9.524248408	8.601359139	10.334999682	7.457900782	12.45678569	9.621191587	7.247787805	8.704684954	7.617020006	5.382071697	7.562397229	9.477151683	9.000388183	8.450346395	6.995289824	7.74767978867	12.599956285	9.979768545	9.584314798	11.05015324	5.476714818	7.9433269225	6.685173215	9.0816140535	6.10103173667	10.78322175	8.637042439	9.5256586835	8.97755484267	7.351535111	11.023407075	Control
Instance13	9.778192608	10.38477057	7.0140243452	7.6537280945	6.380249461	7.717524135	8.748337153	6.935865955	9.844219734	8.523978557	10.3450320487	7.747843835	12.74140174	10.44585319	7.420152085	8.3498677015	7.919252636	5.502084908	7.489328426	9.882639658	8.687621616	8.394260237	6.460910954	7.976421966	12.35256899	9.655880007	9.571942743	10.77967445	5.605339686	7.443962143	6.674054967	9.1999885685	5.82446156933	10.4041484903	8.718842038	9.597360232	8.882604615	7.359104133	11.5313713	Control
Instance14	8.108238405	10.21758854	6.6285157292	8.1909422715	6.847374124	7.653026194	7.999156742	6.23780006725	10.24378721	9.16094315833	10.6552894147	8.0739560435	12.76703924	9.46858389	7.131628387	8.5569316505	8.2782480705	5.115003321	8.174789799	10.43762494	9.4642502	8.687726581	6.352798794	8.60516057033	11.88382504	10.35287964	8.411459216	9.313711317	5.276507133	7.4277413705	7.022426421	8.733092931	6.17992307233	10.5074705227	9.243103231	9.06038523	8.867882958	6.6884391885	9.689899517	BRCA
Instance15	9.473467881	10.55758842	6.4296669984	7.2806843915	6.368031123	8.24541143	8.648821783	6.155251749	9.913970625	8.789516499	10.5797653207	7.467041959	11.76666981	8.426475613	7.112546695	8.5497894345	8.082186565	4.924350826	8.260238737	10.76657469	8.739789996	8.685117683	6.43304759	7.70289810533	12.61662732	11.69149721	9.186362588	9.683047729	5.421737703	7.5290493795	6.674831803	9.2660120735	6.406842111	9.90083481867	9.088689621	9.5800955565	8.552349278	6.843482732	10.043318064	BRCA
Instance16	9.134080446	10.06840584	6.6200403206	8.539009948	6.411812312	7.364180901	8.2832770915	6.273689165	10.00415062	8.419142242	9.828262008	7.7812287505	13.00770101	9.448529911	6.735729052	8.480919728	8.027067605	5.605710071	8.569372533	10.39270411	9.836003445	8.420129842	6.665126693	7.81029065433	12.64205307	10.24482795	9.156570504	9.206422917	4.909306588	7.334669802	6.837536875	8.692934023	6.318598458	10.2584479883	9.463954014	9.0393998015	8.787767491	7.08107622375	9.7187563365	BRCA
Instance17	8.150027916	10.26648823	6.6788927582	8.146852134	6.976538706	7.200950391	8.2627517945	6.46315116575	10.22872886	8.58330978467	9.85565975467	7.8494133085	12.28213433	9.204950795	7.229566594	8.4390426745	7.98897492	5.66449084	8.554263753	10.31328586	9.959060514	8.480952861	6.174232248	8.33003132667	12.588195265	10.86671119	8.088816224	9.06544382	5.034316149	7.6448167215	7.235514366	8.4734774435	6.132790906	10.0323493423	9.329651235	8.9731778835	8.934366304	6.38540810175	9.654362623	BRCA
Instance18	8.700336649	10.00702766	6.5438948864	8.041917075	6.410159284	6.776041872	8.310783391	6.3805448535	10.30881145	8.49027171233	10.041403703	8.0462685015	12.3749363	9.700778298	6.535085305	8.551370553	7.5779578615	5.37574431	8.466179598	10.26978741	9.708429162	8.212765231	6.817882628	7.89650067567	11.77746896	10.95634187	8.515996551	9.805889394	5.172938736	7.6536816935	6.836117042	8.580432115	6.31258353867	9.692770319	9.24711525	8.9213733295	9.01840760867	6.7911300605	10.1255478285	BRCA
Instance19	7.013297895	9.827843283	6.9912099028	7.888636145	7.000397602	7.392920835	8.4695684015	6.522968526	10.45750942	8.95843216133	9.72583582933	8.1239601125	12.73839215	9.406960242	6.862206886	8.655247477	7.897005192	5.19062597	8.512702074	9.880004788	9.431613101	8.550709395	6.449607283	8.82616985867	12.67319175	10.24378721	7.816185482	9.17185302	5.501288856	7.7716617215	7.338137177	8.5357374825	6.56668181467	9.570767933	9.549178746	9.111304808	9.258466301	6.67358924525	9.668764921	BRCA
Instance20	8.817064493	11.37824759	7.2119411558	8.85628218	6.648469487	7.508688368	8.5186787305	6.65967948325	10.01669727	8.67313689733	8.84918642867	7.935994932	12.78312415	10.42647473	6.989880165	8.821488149	8.2374680655	5.716038325	8.362997044	10.94323478	10.28587065	9.242996091	6.861555705	7.901426815	11.3058025905	10.70345182	9.55587899	6.536717836	5.167730486	7.9021186325	6.709397913	7.348718546	5.459774314	10.2933462963	9.867028148	10.2970447	8.91017192567	6.6605798635	8.9745205145	BRCA
