ID	3265	5747	5894	5579	5578	5970	5604	9564	2776	1398	2770	5290	6387	2792	2782	5335	5595	7852	2185	4790	5288	5829	5295	5594	DependentVariable
Instance1	7.4423513115	9.55016911	10.11570732	6.21136540967	8.688181342	8.69026092	10.49127719	8.887952536	9.668318219	10.9291550067	7.1915641815	6.685313404	12.2081083467	5.028139516	13.02719506	7.6745180755	11.634256725	8.430868108	6.25614507167	12.34771002	7.44476877	7.441203595	7.0703331436	8.27215776867	Control
Instance2	7.8897640555	9.45642471	10.34726733	6.479820979	9.433471275	8.669346719	9.559434991	8.931846371	8.930930318	10.8430461553	6.0573658185	7.098719371	11.2339328333	5.682862067	13.00956452	7.862876923	11.27623323	7.282603072	6.39478587333	12.34109771	8.180905107	7.229350286	7.6111323212	7.85669691467	BRCA
Instance3	7.856102429	8.9981409465	10.45388564	5.889051372	8.48506563	9.073024297	9.65317699	9.151968584	9.213384421	10.353336411	5.457103785	6.212526175	10.069809966	4.963487128	12.9979954	7.7021225845	11.198356615	8.62440485833	6.332382502	12.51631937	8.132681099	7.347468842	7.448654099	8.11094053067	BRCA
Instance4	8.398114105	9.0133211855	10.09500831	6.312672729	9.211511834	7.67194989	9.580847928	8.943878208	7.435526765	9.24789131367	5.725019338	5.584068992	9.472194406	5.29683478	13.11510467	8.054801422	11.274247985	7.01915103033	6.660246028	12.26985874	8.324001746	7.84508404	7.6522265588	7.98209816267	Control
Instance5	7.697637374	9.0250253645	10.22872886	7.50900425433	8.977409535	9.268495874	9.966174165	8.86238252	9.924501194	11.076519951	6.8901006515	7.405441727	11.299237984	5.536217098	12.87743566	7.930765467	11.21839075	8.171365118	6.22310588433	12.37603319	8.367328607	7.615006311	7.950268865	7.82991936767	BRCA
Instance6	7.3388634815	9.420287121	10.624983	6.98490046733	8.467749328	9.673230059	10.23164154	9.615648544	10.54993411	11.51028325	6.5536864175	7.460253403	11.5640730823	5.717272857	12.98372673	7.6687152575	11.07534033	8.540582058	6.30853884	12.87483063	8.878894761	7.335951076	7.4183463498	8.18650002	BRCA
Instance7	7.9742866725	8.8796586	9.961088297	6.81582852467	9.024558716	7.262755244	8.977681421	9.176011741	7.39744174	9.54237477033	5.366277458	6.662423158	10.0317075027	5.442621133	12.64120964	8.590203577	11.151396135	7.443708709	6.20690718667	12.52075501	7.322741917	7.91692611	8.3350079456	8.451561107	BRCA
Instance8	7.7095138065	9.585335464	10.12277013	6.87117032933	8.419813926	9.194320487	10.00443156	8.83089633	9.665460782	10.4230262683	6.2928801065	6.020263967	12.3700895033	5.865554662	12.98945487	7.7549264415	11.40345044	9.188979403	6.16225577733	12.20475003	8.077831971	7.737283051	7.757716558	8.171538624	Control
Instance9	7.94496816	9.2675642675	9.9831294	6.13414385767	8.419971893	9.012625324	9.452231522	8.641980482	9.303998235	10.3226626667	6.2675959045	7.205282841	11.2101182433	5.659076304	12.96993872	8.1175343725	10.99057863	8.49157371467	6.34899972867	12.42766909	8.94185541	7.766232595	7.6719006758	7.91861634733	BRCA
Instance10	8.148239231	8.984597332	10.28660429	6.39658479233	8.01888328	8.33670864	9.69476318	8.799282532	8.352640608	10.545324375	6.489380715	7.606018576	10.3747071333	4.958159726	13.02126635	8.2287174245	11.551814785	7.70676359567	6.460940443	12.09766027	7.920146076	7.647892114	7.3060563712	7.74245236133	BRCA
Instance11	8.198599078	8.7160245685	10.23292486	6.39932068633	8.202296649	8.687254178	9.736317839	9.630226677	6.808774778	9.79179927967	6.097670028	6.657000843	11.4707490367	5.704879743	13.00161496	8.709822916	11.573459625	7.52433658333	6.64403477267	12.2590489	7.541486042	8.041222615	6.9076540764	8.06297051567	BRCA
Instance12	7.4409667175	9.5799510855	10.11618835	6.68769140167	8.474558864	8.875473781	9.990983614	8.536335742	9.546605663	10.508302728	6.6687748565	6.822223857	12.3427728967	5.291135005	13.04989878	7.877739246	11.32136754	8.662151022	6.47380877667	12.38541089	7.862360143	6.876459007	7.509195938	8.197304519	Control
Instance13	7.6537280945	9.807955308	10.13087976	6.24070564267	8.584390499	8.978067698	10.29596436	8.699521377	9.998851701	10.776914439	7.184102984	6.672535396	11.8230095967	5.465820435	13.26893746	7.919144247	11.488573795	8.46853633133	6.29282598867	12.24889125	7.652775301	7.126500894	7.3656981534	8.151507585	Control
Instance14	8.1909422715	9.6749751715	10.76657469	6.35314852433	7.646632733	9.226388785	10.01433476	9.481880707	9.061277435	10.0785233767	5.4787995935	4.904979261	11.3110617733	5.973617732	13.29995283	7.988942668	11.695521545	8.46643887033	6.61150973733	12.29388695	8.365973657	7.476667486	7.1534205814	8.08129530567	BRCA
Instance15	7.2806843915	9.2641454985	10.37973064	6.73899581333	7.883225397	8.761435816	9.712540381	9.246806572	9.803614982	10.273357482	6.159811817	5.472171943	12.5904258133	6.049636893	13.17700839	7.9147536295	11.206231375	8.67410823533	6.25544650767	12.41257918	8.597224924	7.061023135	7.0222287176	7.95451796533	BRCA
Instance16	8.539009948	9.278094081	10.55366796	6.39469361333	8.420129842	8.629266563	9.812386363	9.273365013	8.90929393	9.657730528	5.6032236615	4.944168843	10.7387244903	5.732683853	13.33363132	7.7272309565	11.49634678	7.89103560467	6.46065986433	12.40655986	8.184182491	7.18631515	6.9209080238	8.00665617633	BRCA
Instance17	8.146852134	9.5786882385	10.73881029	6.135427533	7.621284726	9.515749664	9.916141133	9.479871756	8.5896522	10.1347274673	5.6081323905	5.538546893	10.4054540527	5.542111953	13.36856584	7.5975884795	11.796022585	8.37938063133	6.65640928767	12.32574401	7.687237663	7.089003169	6.8965544166	7.86577453733	BRCA
Instance18	8.041917075	9.21652246	10.51457134	6.82794277033	7.779918143	8.496794995	10.0322459	9.229474442	8.886520521	9.80282410467	5.800661023	5.070616072	12.12501408	5.655216748	13.36355512	7.531468856	11.46459896	7.96291278133	6.47103919267	12.39966386	8.288302177	6.949625755	6.895239566	8.01917131267	BRCA
Instance19	7.888636145	9.337026401	10.54450111	6.69079792733	7.098719371	9.61434228	9.833428205	9.510275173	8.45292188	9.86475183033	5.52926424	5.353156751	11.9857697633	6.118635505	13.29267684	7.8558007155	11.5411915	8.705908136	6.605324117	12.00382718	8.774738578	6.913790365	7.0040046146	7.890844983	BRCA
Instance20	8.85628218	9.6546657745	5.97155002	6.127634878	7.791197286	9.315772892	9.724718956	10.04737654	9.284894137	8.419348991	5.47662364	5.027033758	10.9724144457	5.537615426	13.38150649	7.6793168875	12.52079595	7.97141172567	6.21975276833	12.05629403	7.938228627	7.767226277	7.4112322548	8.742530249	BRCA
