ID	6655	5063	2817	5062	9901	55740	10298	10486	51466	10487	8440	57144	6091	9353	6092	5058	7408	25	27	57522	64221	23122	23332	56924	5879	6654	5216	998	5217	23380	4690	80728	DependentVariable
Instance1	7.867620258	6.572931815	8.113352957	8.225782395	6.94237334567	7.39745169333	6.78184004567	11.28265136	12.58378567	13.1958974	8.433473539	6.06101575	5.33883171233	11.0443909	4.766392902	9.037678125	6.6644604375	8.477645733	6.79820001833	9.028818534	8.357443276	8.8785423	10.76306733	7.228436626	8.85850435833	8.001564595	12.94594262	7.16387589625	7.4054811825	6.2753308042	10.98495975	8.149850143	Control
Instance2	7.609956448	5.989031828	8.164028381	8.658878356	7.45114499	7.18405895567	6.96341635667	10.22159048	12.92825655	13.00770101	8.724393685	5.9152182985	5.12516718933	12.20870084	5.086813802	9.447476465	6.203672825	8.14341671633	6.749599738	9.703523443	8.940483278	7.79659309	10.9243451	7.918686056	9.23532012167	7.481398095	12.79419988	7.17118701125	7.572406141	5.7840495142	10.84149381	8.546181736	BRCA
Instance3	7.575257723	6.451215749	8.208894121	7.83784169	7.56428299433	7.49568149067	7.053848853	9.264196925	13.00956452	13.23871974	8.9589157885	6.471963415	5.78784169733	9.780925661	4.887593109	9.822754492	6.7713309535	7.833762168	5.676261622	8.720518853	9.50346856	8.057167453	10.79624673	8.388922588	9.280236709	7.228580927	13.181245845	7.03238297825	7.2571828075	6.0362284746	10.64831289	9.422612048	BRCA
Instance4	6.838009842	6.212477538	8.856262983	7.70770520067	8.059722738	6.88467040767	7.29161173667	10.21059864	13.37889296	12.90606669	8.508698179	5.970444851	5.22759732733	9.914441615	5.046851143	10.03852848	6.103628909	8.03563056533	6.12251843367	9.127737169	9.098625049	6.599433568	11.08301405	7.666368043	9.422761191	6.648325671	12.7802358	6.55593589375	7.253927011	6.0319571228	10.73945599	9.386358915	Control
Instance5	7.652900753	6.54048116	7.938816713	8.07563913267	7.39285387033	7.43366389	7.17942935133	9.72319211	12.63704035	12.90606669	9.1700397085	6.436155389	5.48920602567	11.47971474	5.0720128295	9.507874464	6.057294721	7.73201711767	5.94941353533	9.437939873	8.759972317	7.928579257	10.85270138	7.235083497	9.29741101033	7.634958261	13.28927478	6.99171327025	7.6057427725	5.9945867732	10.86805107	8.633831795	BRCA
Instance6	8.522033306	6.491536971	8.308272042	8.35808952433	7.36465545967	7.50264662767	7.13014571033	10.42491714	12.95454627	13.19318117	9.2483995865	6.593782925	5.54615480933	10.91815534	5.0646963425	9.3312535	7.116007336	8.347844869	6.85921854167	8.350719474	8.381295406	9.386261903	10.70667324	7.486435083	9.14697742367	8.19601328	12.77346919	7.00999639125	7.3399733255	6.163816975	10.69407078	8.293794782	BRCA
Instance7	6.760091594	6.952074702	8.54193016	8.02893851733	7.93440497867	6.82154188533	7.12335323067	10.10297665	13.45145845	12.46365343	8.534541428	6.309891817	4.99405917633	13.27043919	5.2038376615	9.354305108	6.299870208	8.06255483	7.397332381	10.99477083	9.69033901	6.276222714	11.36547782	6.609404545	9.62804284167	7.292025067	12.884686225	7.10702874775	7.5062755425	5.871253991	10.66366508	10.37544707	BRCA
Instance8	7.907583411	5.447753778	7.941592183	7.68379282967	7.12899515067	6.961492454	6.600449015	10.53926573	12.90226493	13.18602605	8.850359256	6.192045554	5.25074098267	11.10547497	5.043470802	8.901176988	6.4861257565	8.098905571	6.50798912033	8.551997661	7.717095673	8.962571525	10.32302692	6.453069445	8.82865486733	7.787382059	13.27590732	7.09973287325	7.5667344455	6.031957499	10.92270353	8.358234841	Control
Instance9	7.65031782	6.517673816	7.80790408	7.77701585767	7.41305670567	7.63306600867	7.157131823	9.954720183	12.81938184	12.94317143	9.2112986685	6.4383506835	5.10150383	10.77140304	5.0503782625	9.625618044	6.5383195555	7.97372860733	5.92919037133	8.402608273	9.003082947	8.3106027	10.49490585	7.520699455	9.29235500067	6.878728789	13.49181197	7.18183415025	7.704928784	6.1009244332	10.77967445	9.036222474	BRCA
Instance10	6.965931792	6.373044025	8.47707128	7.95022355167	7.712156779	7.058722346	7.26601424567	10.35310853	13.1958974	13.04201932	8.5559283345	6.3266587065	5.238091788	10.91468805	5.1228950785	9.599773923	6.534855973	7.55814684467	5.81324365433	10.12844586	9.105896153	8.120524476	10.93507131	8.381198053	9.23513699733	7.4960371	13.018593535	7.09000222	7.5600888065	5.8630738524	9.980729078	9.376641543	BRCA
Instance11	7.055014278	5.761026747	8.283228592	7.58494976267	7.53905763733	7.20949470033	6.668976943	9.83366143	12.70690828	13.08977243	8.0600477795	5.850933908	5.44651041933	11.35299256	5.285945046	9.29724939	6.5887322845	7.96986133433	6.60704966567	8.813172827	9.145073101	6.482005732	10.23684569	7.641511935	8.92818876867	6.507481989	12.90809638	6.604948967	6.9679914565	6.4114903494	9.913346139	8.545216568	BRCA
Instance12	7.958945778	5.8796514	7.309115066	7.93261710267	7.03946606633	7.26870896133	6.91179159267	10.4054024	12.66642048	13.11936595	8.918160343	6.0725711085	5.50737084067	11.17080781	5.1710113885	9.270109064	6.7371296105	8.146903819	5.95535728833	8.093960371	8.007799757	8.527478106	10.57522277	6.818777479	8.97755484267	8.512524314	13.53192857	7.351535111	7.7461650875	6.0053259974	11.21967391	8.244603025	Control
Instance13	8.326250965	5.178626261	7.716204063	7.94302709167	7.230543502	6.99384819567	6.88726016867	10.77860308	12.72067933	13.14121392	8.8377540625	5.944323571	5.197189397	11.22708057	5.1808786005	9.21638279	6.718725316	8.347170397	6.503331491	8.171178205	8.323416374	8.686203838	10.53277502	7.235298947	8.882604615	8.640083234	13.32958479	7.359104133	7.310354137	6.0141067542	10.74699733	8.311295486	Control
Instance14	7.997872605	5.682862067	8.368769576	7.87233796567	7.22605836733	7.12351561133	7.10358658867	10.54822013	13.41082367	13.79334119	8.317589219	6.5271583745	5.17387797233	9.603014797	5.488020161	10.06933601	6.7621099375	7.81011906767	6.567082842	8.097520105	9.969261	9.412475177	10.9073904	8.547261958	8.867882958	7.7584583	13.606702835	6.6884391885	7.3825407305	6.297853424	10.29596436	9.211511834	BRCA
Instance15	8.051101686	5.582263377	7.829676956	7.52928093467	7.37792695833	7.317833264	6.941697034	10.52290542	13.47574423	13.02126635	8.900431662	6.130916478	5.37863055033	11.84647188	5.141431557	9.423032438	6.2955968625	8.02105507033	5.66302880033	9.261419819	9.348673457	9.236840051	10.60075877	7.369905099	8.552349278	7.8511886	12.66598847	6.843482732	7.1708987855	6.5128005194	10.7059911	9.487448728	BRCA
Instance16	7.815353072	5.6227922	8.530895078	7.75599573933	7.25120733533	7.29177688567	7.152093931	10.59030193	13.06490613	13.69061737	8.315797454	6.2546153975	5.12159632233	10.90118767	5.5022479365	9.880142578	6.659793857	7.80823708267	5.97753884033	8.732388881	10.02857645	8.407577013	10.44328058	9.370644433	8.787767491	7.192690117	13.56808964	7.08107622375	7.2184849425	5.874985629	10.50280226	8.962058135	BRCA
Instance17	7.672568764	5.443947436	8.848952379	7.607699735	7.71785034867	6.78141924133	7.44371655133	10.21894494	13.85986526	13.67421216	8.229519109	6.655277743	5.35185683433	9.761227556	5.000186094	10.12536217	6.898751441	7.965899745	6.64662655267	7.779918143	9.322345697	9.171240063	10.92191923	9.269968858	8.934366304	7.688986551	13.35062938	6.38540810175	7.416736743	6.1351197276	10.1942401	9.467045646	BRCA
Instance18	7.588473151	5.37574431	8.282220999	7.474927603	7.618879668	6.93091446433	6.99125126167	10.21839405	13.07191821	13.49469877	8.5810329915	6.473526085	5.57002835367	10.68440919	5.169887608	10.00810682	6.595533991	8.04487116667	6.060766469	8.035075544	8.78938784	8.369773038	10.36162065	7.893879593	9.01840760867	7.192172276	13.605374565	6.7911300605	7.349851035	6.1542472002	10.61424078	8.858145096	BRCA
Instance19	7.816841466	5.410164055	8.730318239	7.58342234833	7.473009109	7.10758732633	7.58098573433	9.391867114	13.78998546	13.64083637	8.522137342	6.257271368	5.15494949733	9.269828638	4.658868698	10.13367562	7.180584067	7.81628218733	6.06336551233	7.594886501	9.195508242	9.317424556	10.76745641	7.733390145	9.258466301	7.574595656	13.475401525	6.67358924525	7.42997698	6.2589970116	10.04445598	9.237162821	BRCA
Instance20	8.635646596	6.157049396	8.786074471	7.32187888267	7.305918525	6.6373348	6.97610052433	7.896016165	13.69550076	13.58466312	8.5114746565	6.318826387	5.204860323	10.44796168	4.946724338	9.841965701	6.739366998	7.69239896833	6.01083669467	8.114745876	9.565750015	8.891351684	11.35888208	8.635646596	8.91017192567	8.480033951	13.764047185	6.6605798635	5.6643235605	6.1752659448	10.80162574	9.086402392	BRCA
