ID	55746	23511	23279	79902	25929	4927	4928	79084	53371	11097	9972	8021	23225	4686	9818	96764	57122	23165	7175	9688	6607	6606	10762	23636	79760	50628	6637	6635	79023	6636	6633	6634	9883	8487	51808	348995	8480	9631	6628	79833	10419	11218	8086	5903	10073	22916	129401	6632	81929	1207	DependentVariable
Instance1	10.70099474	8.948514067	9.944646595	10.73828676	8.502256127	10.65747949	6.766641794	8.391438147	8.4982454305	9.6648727675	9.744439113	10.56852647	6.645049976	8.059859689	6.03436478667	8.028322059	9.872136606	10.53897001	10.73458709	10.32181006	6.007076085	5.39742070667	6.28022878033	9.4780677085	5.428358565	10.56955686	12.88816775	5.657219288	10.87230572	12.209047005	10.055954609	8.814022522	9.1153257685	8.8988118145	8.7262823525	8.3668938445	7.571167906	7.400200831	11.684749985	9.147091136	9.954801649	6.21830228	7.158562039	5.945099216	9.933919621	7.88145338567	7.2678836785	6.720624337	8.61174871767	11.39128671	Control
Instance2	10.79163118	9.07757757	10.06496539	10.96132689	7.293612175	9.904401726	6.824600342	8.299094802	8.242744387	9.4416045875	9.026662535	10.58008449	7.623298306	8.25492364	5.56283592867	7.355551793	10.16400217	10.4051391	10.82235197	10.48239483	5.720736808	5.32178127867	6.28489948567	9.602807458	5.27872929	11.03430052	13.01183005	6.25432535	10.78405837	12.264173295	10.175424864	9.640606977	9.331495089	8.418159714	9.1487491565	8.921735544	7.305644941	7.6631158415	11.82023805	8.649032592	10.218497415	5.989031828	6.991610063	5.044843524	10.151677561	7.51004890567	7.1869489675	7.177920594	7.884970577	11.78825759	BRCA
Instance3	10.97348951	9.349613594	10.10125057	10.8492802	8.268461442	10.74842792	6.87867607	8.620110863	8.419646614	9.7955411235	9.755547386	10.85124954	7.919118257	8.146621018	5.945402415	7.853186531	10.14873431	10.93899899	10.77184043	10.63133194	5.7851846285	5.45068488467	6.48209168833	9.9134145385	5.427422033	11.51045032	13.18602605	5.730783436	11.02156667	12.74662417	10.417757521	9.846936382	9.184940914	8.2055480525	8.8381371785	9.1231107235	7.90182937733	7.834746884	12.218859	9.550160511	10.5992301	6.343279559	7.628593402	5.90202005	10.37435185	7.94825784867	7.5858335005	7.594476004	8.57418991167	12.16828986	BRCA
Instance4	10.74842792	9.614162807	9.560920839	10.67254493	7.181105347	10.67862239	6.97341843633	8.620477476	8.422447157	8.725553334	8.789559014	10.75691093	8.215849806	8.803470139	5.71183285833	7.947726236	10.51689201	10.4760984	10.82887651	10.62174996	5.9529139315	5.487377579	6.13564318433	9.7641065265	5.427275131	10.98367433	13.42453443	5.888141239	10.77639419	12.1206107	10.4879662705	9.370829667	9.5489799265	7.6146781735	9.5983797315	8.954544083	7.11799945933	7.5634028845	12.086046165	8.92187152	10.8737791	5.36790503	7.810926842	5.082373945	10.58836907	7.58612819967	6.0686045945	7.774014657	7.144783444	12.17369752	Control
Instance5	10.51270618	8.571526197	9.716228343	10.55491043	8.137965979	10.38135939	6.60734282267	7.96636287	8.644246817	9.273737981	9.278322331	10.44585319	7.766050346	8.173353743	5.86548072367	7.146520627	9.863230401	10.45025788	10.12116474	10.26227726	5.43116504	5.86777327	6.61995662867	9.8283234625	5.2527386625	10.77722677	12.65463721	6.370125583	10.58989012	12.374878825	9.874231894	9.998054828	8.7499691525	8.486584658	9.481102987	8.713297444	7.382879181	7.9042128665	11.749004515	8.658658796	10.44217613	5.931866956	7.41187347	6.183690582	10.221315975	7.93509094333	7.5611171875	7.643930351	8.52278816767	11.93257475	BRCA
Instance6	11.02951865	8.935534242	10.68029603	10.93414071	8.566416689	10.79163118	7.501134809	8.379195446	9.349364842	9.6473876935	10.41359385	10.38522909	7.441390364	8.315298042	6.181169694	7.780443188	10.58354379	10.89604874	10.79624673	11.03904603	5.88478683	5.624743402	6.74734580867	9.647092859	5.6032496725	11.57672774	11.93396179	5.880692411	10.38787223	11.00569676	9.615219629	9.46837006	9.0253311545	8.326186141	8.8815487895	8.490716209	7.42526526267	7.9929258645	11.405244945	7.956508477	10.4341634	6.418700692	6.875169162	6.835359227	9.633795492	8.084937371	8.0406116585	7.912531798	9.264684213	11.60957135	BRCA
Instance7	10.09962433	9.235907197	10.5411695	10.12172813	6.685313404	10.10297665	6.583680554	7.56287418	7.9662791415	7.963427229	8.090034492	10.19220376	7.649114461	9.040817876	5.96643391133	8.371843197	10.09372163	10.09113158	10.55979796	10.74125232	5.5122503205	5.460626855	6.971693019	9.597454927	5.164362489	10.67230625	13.82037647	5.354038858	10.55491043	11.490214785	10.2713731135	9.915409278	10.0248169055	7.3591739365	9.1659985255	9.0898110315	6.680431951	8.244454268	11.57380198	8.740068382	10.231911355	6.44340411	7.580354917	5.28356184	10.178739565	7.31864934033	6.0253561645	6.769246515	7.412940477	11.31587145	BRCA
Instance8	10.71490255	8.527976511	10.05901354	10.87818911	8.422412911	10.71990666	6.84616120133	8.492254916	8.654195741	10.2476641185	9.660094472	10.23748518	7.04734514	8.714478327	5.60097907267	7.588060825	10.10831572	10.49296002	10.63068602	10.09936791	6.069778112	5.391609704	6.54759325767	9.7110048545	5.2181818955	10.72694212	13.09148337	5.893733061	11.19977372	12.562482875	9.8227303195	9.019494215	8.5971275445	9.053493894	8.16422841	8.391776024	7.88850129767	7.847019682	11.90487657	9.838999467	10.15162717	5.582112807	6.930592839	5.455829609	10.25074087	8.28694858433	8.0799720185	7.087386262	8.57418226267	11.98561971	Control
Instance9	11.14957584	8.757432619	9.760949066	10.81621191	8.651824084	10.92822987	6.846979965	8.395192566	9.104528772	9.6269068455	9.775001605	10.45696041	7.909294774	8.472326439	6.13996439133	7.829026784	10.40557791	10.94214079	10.65349026	10.39839664	6.0459546495	5.49068751467	6.375129507	10.2074034015	5.1391524905	11.15503025	12.70456839	6.448203566	11.04774441	12.5355618	10.1831160975	9.731989781	8.651042911	8.7701061745	8.789662224	8.726991346	7.356748726	7.605598727	11.970529085	9.600089973	10.72126079	6.271841744	7.685311433	6.048874401	10.44289549	8.102910264	8.1950312805	7.848311718	8.92060182067	12.15346979	BRCA
Instance10	10.73828676	8.968033945	9.226822258	10.59585913	7.786353156	10.43232295	6.389484251	8.190097663	8.7062533825	9.087620074	8.632641862	10.56852647	8.020912072	8.368136601	6.20494726733	7.162394161	9.923803275	10.5220521	10.50407936	10.25455658	5.6700720455	5.48859383833	6.488023506	9.5666536195	5.609726032	11.01620259	12.88068749	6.052030675	10.64603237	12.238261945	10.4232455135	10.03012262	9.284031921	8.112613925	9.171950551	8.9027815345	7.65162541167	7.505618187	11.70336494	9.142611992	10.306045464	5.813403636	7.582877963	6.021041727	10.235967185	7.503244585	7.0389208815	7.091597036	7.88713234333	11.8471671	BRCA
Instance11	11.22708057	9.222372974	9.292000111	11.31587145	8.121573825	10.52622073	6.452684887	8.82991386	8.677037688	9.4877935725	8.687254178	10.79293283	8.006874612	8.627160965	5.61092011767	7.637423908	10.38269998	10.46181223	11.08759894	10.75081188	6.1513659055	5.62568286533	6.713243056	9.818578763	5.424684545	11.20184229	12.81545941	6.250587993	10.79887295	12.123937315	10.2180718405	8.635646596	8.4298445465	8.521723868	9.157329163	8.5542168845	7.52460701833	7.428802086	11.64638017	9.457525103	10.461675505	6.13976173	7.81250003	6.309345038	10.79562083	7.79970309167	6.9314624695	7.105230531	7.77724799867	11.976813	BRCA
Instance12	10.75721104	8.291356205	10.07094309	10.59236386	8.210063853	10.70804518	6.67226088033	8.660710041	8.874233892	9.7897153685	9.755547386	10.39442548	6.914777148	8.94526175	6.038152094	7.371278148	10.46760584	10.56036654	10.3976482	10.262932	5.6823837905	5.47665000267	6.56370622733	9.6679097305	5.373145696	10.93533103	13.06098469	5.695027274	11.00516506	12.533700195	10.257335515	9.073720587	9.0057770885	8.7856169255	8.741107955	8.440677237	7.41438813233	7.696636917	11.625661435	9.271043421	10.223474295	5.838328613	6.716651865	5.967636237	9.9684356005	8.12538379433	7.588864934	7.591674041	8.399936504	11.80861644	Control
Instance13	10.94214079	8.473788053	9.900180431	10.61251863	8.121431366	10.61564829	7.06776618533	8.60193893	8.692426296	9.609644114	9.838321965	10.56377331	6.873816658	8.413100175	5.883568509	7.708516836	10.38657417	10.41307283	10.64055928	10.17277787	5.903516441	5.483809238	6.89339379867	9.4793664585	5.215337298	10.83272413	12.80741335	5.025484272	10.93858741	12.34653506	9.8911802455	9.179325131	9.0490950775	8.649537995	8.6023404515	8.230366588	7.808609232	7.6335652745	11.53159418	9.431613101	10.134824195	5.814108966	7.454877335	5.768456458	10.11402493	7.94777078533	7.385858514	7.412868569	8.58775546467	11.74966846	Control
Instance14	11.03306523	9.476443016	10.42441069	11.27673526	8.731116297	10.43185304	7.528050522	8.69026092	6.8058868985	10.2684293485	9.944778348	10.96223109	8.21182884	8.634194938	5.727254593	6.721137221	10.54450111	10.86107549	10.89528011	10.50921116	5.8466831775	5.14320456167	6.44285074967	9.335713559	5.5481047735	10.83615712	12.53234503	5.301232095	10.89425716	12.190939155	10.350627979	8.184182491	8.702210454	8.2346120725	7.5375974835	8.021123619	7.666812025	7.1694392885	11.900405455	9.371407008	10.28155282	5.99379393	7.996531569	5.434637608	10.4281707	7.86579001867	7.491036185	7.03149755	8.719877213	11.62934992	BRCA
Instance15	11.05830992	9.123074542	10.5411695	11.11778287	8.940211632	10.38874414	7.19143122567	8.545622018	7.0921794195	10.660615195	9.793246096	10.51325413	8.521110748	8.7754466	5.908306372	7.772382418	10.54330281	10.85219028	11.52630619	10.7777528	6.1477640075	5.077547085	6.41251149567	8.8546680655	5.5380908965	11.57472137	12.12152875	4.702259784	11.12353964	11.091923185	10.1494174885	9.428957399	9.5844076055	8.238517619	7.4461365475	7.91332957	7.806351836	7.2985705445	11.596109925	8.745221468	10.46266074	5.68566776	7.680255999	5.197719213	10.492245895	7.92189120167	7.382495772	7.216336329	8.831702571	11.8295207	BRCA
Instance16	11.09848962	9.088471	10.07411507	11.33541843	8.619102198	10.35884378	6.997489341	8.527351033	6.950345721	10.3128701505	9.540516092	10.86526952	8.312317023	8.217813694	5.65225244667	7.235394693	10.28660429	10.8300717	10.65863127	10.76039169	6.113729239	5.06845493067	6.11022297267	9.390792679	5.3960390905	11.10392395	12.58650212	5.893308357	11.37070935	12.33433984	10.3826481615	9.200470222	9.0653599655	8.3865993725	7.628050567	7.941049802	8.077182341	7.335258382	12.35089878	9.696742033	10.559448475	4.795210185	7.87986062	4.778749175	10.527638255	7.704054153	7.640236619	6.90394547	8.39322552767	11.92795395	BRCA
Instance17	11.01303318	9.313099074	10.54993411	11.26378871	8.660014728	10.52622073	7.12570578567	8.392522568	6.673638385	10.175807248	10.00201369	10.91921737	8.68863596	8.266787858	5.540239002	7.223039054	10.7780979	10.97955044	10.9232534	10.55686073	6.027980656	5.422572499	6.34199734433	9.282241073	5.3483684195	11.07544591	12.8471739	5.439300032	11.23955693	12.263711105	10.3627597125	8.17452767	9.131055831	8.3917456235	7.328256679	8.0620596875	7.96397256133	7.4610238715	12.277163725	9.685204814	10.364759465	5.688048317	7.79246679	5.049425205	10.730720215	8.021174851	7.5408424895	6.967344797	8.36016220033	12.05538931	BRCA
Instance18	10.99992623	9.744775458	10.31880295	10.85440892	8.709412238	10.87563823	6.915254259	8.719338441	7.0380508525	10.077023151	9.734062262	10.73881029	8.612961657	8.794043061	5.702195218	7.704562712	10.49748292	11.07201887	10.93235154	10.54623399	6.060362704	5.14771792733	6.342114179	9.51464464	5.1527800375	11.27433609	12.72471214	4.844249122	11.2211885	12.496295565	10.7617411185	8.517965696	9.1480814945	8.365964621	7.4991580795	8.0192290835	7.91466323133	7.4277826515	12.475071945	9.811896893	10.563024325	5.782219336	7.763878152	5.562403668	10.744144	7.97594459867	7.5258128505	7.180110866	8.67060928633	12.10871075	BRCA
Instance19	10.96869939	9.511130543	10.32054705	11.12692078	8.695994791	10.62776211	7.283181094	8.421771492	6.998502507	10.3100047505	9.672500978	10.93816836	8.807082076	8.485971282	5.87472931033	6.544273338	10.34930366	10.50876069	10.68460862	10.44034522	5.750902375	5.04884258833	6.41663102767	9.4055344625	5.3737958005	10.67386138	12.70943395	4.8589896	10.93189375	12.377151645	10.498601419	7.928875304	8.6367287865	8.5692768835	7.200782863	8.015208768	7.92980596633	7.330975552	12.121456355	9.597866858	10.465946615	5.80723335	7.697282321	4.958159726	10.70036432	8.11810553467	7.7309844595	6.608850353	8.803648797	12.05089371	BRCA
Instance20	11.17748823	9.319763063	9.36270062	11.49963678	9.314283643	6.319586888	7.292038499	9.888621925	6.458489395	10.3490182955	9.785984134	10.64868139	7.57557919	8.170802781	6.35908817467	8.231726545	11.35464901	11.27762466	11.59799678	10.78233917	6.651174226	5.630739277	6.11201536833	9.262046048	5.8327989795	5.953737396	12.9597684	5.222467693	11.53100625	12.1397195	10.129139805	9.364802828	9.357835757	9.011024092	7.287718462	8.145928049	8.33272210267	7.842926264	13.25966858	10.7144776	10.68036075	5.255700175	8.105084975	5.212385731	10.822377505	7.85652075367	6.28713931	6.097511381	8.30560416167	11.81753744	BRCA
