ID	4799	11051	79869	1477	1479	1478	8106	51692	10978	10921	29894	6431	9939	6432	53981	51585	4686	6430	4116	51362	8683	9295	7307	11338	10914	22916	6429	6428	10250	10189	9785	6427	65109	6426	DependentVariable
Instance1	8.4534954625	7.4301684585	5.911039136	5.836226757	8.19142420125	8.635846085	11.59799678	10.33656266	8.270226548	9.9478443525	9.810427489	12.88068749	6.253994582	11.23443143	9.2305254975	9.856674954	8.059859689	13.848465345	9.727453002	10.3428528	12.74918966	5.988236614	8.7822184145	9.244195928	10.61564829	7.88145338567	12.58929307	7.627945878	12.08138533	7.68568542933	8.301085877	12.73346456	8.6072752645	11.09170663	Control
Instance2	9.07906105725	7.330037277	6.319767507	5.80826957975	8.8739982955	8.486142286	12.00382718	10.31685598	8.643748998	10.093905887	10.32614888	13.23568448	6.615927983	11.50067275	9.1057552085	10.20308524	8.25492364	13.59674589	9.831165155	10.11313043	12.70613234	6.541797943	8.915199928	9.1768267945	11.15959405	7.51004890567	12.87483063	8.057792791	12.49828211	7.68395159167	8.93858068	12.8619748	8.471305704	11.25593456	BRCA
Instance3	8.61427691625	7.6857215995	6.405912077	5.439084264	9.05785640175	8.720518853	11.98494007	10.36324806	8.897861429	10.401239976	10.69998038	13.32947056	6.58267313	11.64933041	9.172370206	9.757873796	8.146621018	13.470225715	10.11027486	10.43095979	13.14374197	6.5729697	8.906940563	9.5030130075	10.93447616	7.94825784867	12.30758799	7.937337889	12.36549278	8.10018244867	8.881474302	12.74633592	8.3376210945	11.37562067	BRCA
Instance4	8.64235270975	6.920599959	6.198794315	5.82423629975	8.935929424	8.961580736	12.13138765	10.67359642	8.305173834	9.583438812	11.0108954	13.45429804	5.664988526	11.74892461	9.16673823	9.735361871	8.803470139	13.56614457	9.921722365	9.975966561	12.25336009	6.269599511	8.4785009665	9.4116827515	10.91544642	7.58612819967	12.44389288	6.8495687005	12.21133327	6.61701775967	9.308186063	12.28299001	8.629813818	11.4318764	Control
Instance5	8.61426475575	7.5545922225	5.721517065	5.71295492525	8.98399562275	8.319774985	11.69454954	10.59236386	8.754354011	10.4211467505	9.782101824	12.7295762	6.268757774	11.32802988	8.9599315355	9.895348494	8.173353743	13.129297275	10.03996125	10.15068061	12.9851927	6.858357554	9.342502189	9.2509596	11.02431225	7.93509094333	12.58278655	8.158823234	12.07125127	8.20578410567	8.660014728	12.24154982	8.2900423145	11.27871096	BRCA
Instance6	8.513375705	7.918896776	6.261065912	5.8378556905	8.63642267375	8.701879202	10.97348951	10.66951428	8.964023935	10.73015353	10.04796267	13.75481291	7.302047389	11.980959	8.7195690835	10.47269874	8.315298042	14.01322491	9.265615706	10.37102002	12.81153531	6.964979397	8.702197063	9.088103637	11.37640504	8.084937371	12.84430567	8.4547314975	12.34904213	7.83899154967	9.239217295	13.09561052	8.2818032125	11.59105257	BRCA
Instance7	9.23137616525	6.389561675	5.72962839	5.807070815	8.48733146575	9.208960477	11.80942059	10.51017103	7.826232466	8.942353879	11.3345919	13.50703833	7.141854563	10.80184598	9.0017728385	9.682880991	9.040817876	13.01406235	9.632550476	9.468797688	11.92604216	6.413421135	8.802359285	9.2549460155	11.48849306	7.31864934033	12.46600514	6.3765728385	12.38193096	6.63745606467	8.533476842	11.62135377	8.229011899	10.50969117	BRCA
Instance8	8.47004252	7.5438600955	6.206043042	5.95745323	9.40585671375	8.414432742	11.79683874	10.05540484	8.400795268	9.933206313	9.783440744	13.074006	6.187357641	11.29816872	8.712978988	9.449448466	8.714478327	13.52447045	10.21330509	10.39785406	13.12983363	6.218786615	8.955194463	9.58057121	10.57213676	8.28694858433	12.47764072	7.905385112	11.78748237	8.09826930367	8.56474124	12.68199828	8.661250497	11.20049729	Control
Instance9	8.571999336	7.7700664335	5.69600164	5.8381559375	9.10287896675	8.639323636	11.96905199	10.67862239	8.802121408	10.567171401	9.957893248	13.34320241	6.638729582	11.72497433	8.96045285	10.11282428	8.472326439	13.63707531	10.18746996	10.35235277	13.02126635	6.667115534	9.199840675	9.47220228	11.23083122	8.102910264	12.25336009	8.074104295	12.02464979	8.44827411533	8.593410849	12.77284039	8.428272906	11.9866439	BRCA
Instance10	8.7982746035	7.387199798	5.793773171	5.41263796675	8.65272728425	8.411459216	12.0767489	10.48377072	8.345162513	10.082569521	10.08672709	13.20549015	6.645878602	11.38494305	8.7821865275	9.789346622	8.368136601	13.588464355	10.09936791	10.10317669	12.93044173	6.934372381	9.107940046	9.1813739735	11.09923621	7.503244585	12.52245777	7.677358111	11.92740031	7.79137073733	8.64876303	12.16189092	8.2903863185	11.44340995	BRCA
Instance11	8.4616146785	7.4061050705	6.82419862	5.69896750125	8.38020334225	8.490831953	11.93859466	10.66477195	8.739916541	10.141140676	10.25937581	13.18898907	6.658286918	11.37306376	9.3986738585	9.610111812	8.627160965	13.165696105	9.900855914	10.5358394	12.75717127	7.337602112	9.470052751	8.8176146935	10.48635768	7.79970309167	12.35583566	7.159423477	11.70577504	8.22629228433	9.413057256	12.21133327	8.657829719	11.59799678	BRCA
Instance12	8.598018257	7.519117707	5.679488016	5.82904310025	9.05502104575	8.67256777	11.82274022	10.49951734	8.488313278	9.604246865	9.859325559	13.074006	6.411854672	11.36217961	9.047905292	10.00910118	8.94526175	13.527799245	10.05503195	10.30263925	13.0583047	6.213644369	8.847168067	9.471872742	11.13074769	8.12538379433	12.42907592	7.84153763	12.12152875	8.04211853267	8.215534365	12.66384721	8.6399303195	11.69911488	Control
Instance13	8.47997578475	7.451015844	6.21014104	5.72020384725	8.8598701745	8.557617943	11.83642135	10.25576659	8.482224233	9.8263898165	9.984319163	13.17957018	6.517083235	11.17748823	8.340414702	9.440080724	8.413100175	13.544191545	10.0481807	10.2159337	12.83993603	6.405912077	8.9851584535	9.4681403765	10.60821349	7.94777078533	12.44389288	8.100447105	12.00831666	7.90933980433	8.640083234	12.53522562	8.490118018	11.36448778	Control
Instance14	7.91776161125	7.318978508	6.5739922	6.09104138625	9.182953627	9.25803663	12.5708958	9.515749664	8.70215634	10.5463097655	10.41110342	13.591191	6.073504957	11.81310789	9.0127074755	9.746254447	8.634194938	14.16852811	9.880571175	10.36439217	13.04201932	6.0664182	8.0691422925	9.8524245665	9.439779534	7.86579001867	12.6218253	7.403304156	12.3793121	7.565709867	9.461173034	13.12663112	9.1728338105	11.09730811	BRCA
Instance15	8.091043774	7.501323971	5.760760691	5.9374754535	8.47632447475	8.955374654	12.13627672	10.01526211	8.692197997	10.0394737835	11.19776361	14.17314893	5.964982644	11.70152102	9.245197702	10.25287861	8.7754466	13.91978853	8.702805674	10.76155147	13.18229429	5.895551805	7.7611686765	8.935019442	10.10480876	7.92189120167	12.83366697	7.445891568	12.45384813	7.87444804233	9.19777027	12.97797754	8.7551738165	11.22892405	BRCA
Instance16	7.968982717	7.3465208585	6.0664182	5.55354459375	9.19928350825	9.265123395	12.36549278	9.62089845	9.115603659	10.4308296955	10.63563676	13.48222565	6.215781112	11.64198185	9.280760217	9.819365272	8.217813694	13.76499321	9.861979055	10.39216207	13.09561052	5.853877943	8.3163910215	9.341754095	9.417336261	7.704054153	12.72627038	7.528725991	12.49713337	7.957705743	9.211511834	13.14121392	9.2113615035	11.08223906	BRCA
Instance17	7.93708405075	7.095375512	6.313659102	5.98073217525	9.0901231735	9.443410392	12.35200901	9.421265976	8.898632467	10.475278206	10.29339725	13.55093015	6.251156317	11.64933041	9.112059712	10.17560604	8.266787858	14.007905805	9.852381692	10.74815115	13.19976669	5.908279272	8.1233197735	9.724109558	9.281014944	8.021174851	12.48900128	7.802191444	12.46187723	7.59650558	9.151492997	13.03973478	9.043457461	10.81174016	BRCA
Instance18	7.8559090795	7.2293503555	6.153811034	5.8687237215	9.41126739625	9.50460109	12.30454677	9.776844695	8.845945624	10.337582237	10.71605229	13.58212966	6.173632793	11.68740205	9.600703265	9.627643826	8.794043061	13.35941783	10.04336266	10.65453335	13.2860567	5.500970312	8.166182069	9.321718893	9.383110854	7.97594459867	12.35733627	7.8530890995	12.13627672	8.01162467867	9.164744253	12.97187766	9.035920511	11.06502412	BRCA
Instance19	7.570555329	7.0805532545	5.877014897	5.9990123905	8.9780825095	9.432949558	12.33696264	9.6831969	8.774162024	10.6361310425	10.11070551	13.45687162	6.109888752	11.37148006	9.1220206095	9.659657526	8.485971282	13.62724298	9.546605663	10.48064156	13.40233131	5.897247233	7.8261510905	9.9694334985	9.378501395	8.11810553467	12.29328779	7.3846553455	12.19504004	7.53985346133	8.877515073	13.0288437	8.9359344845	10.80850192	BRCA
Instance20	8.70890101275	6.704301737	5.852005861	5.655621217	8.8357239415	9.030143702	13.01560762	10.29305807	9.051678743	10.4145259685	11.93178472	13.91614961	6.501563046	11.6604752	9.5870150065	9.989636156	8.170802781	13.882006925	10.41961292	10.45645738	10.21801255	5.577739426	8.621319833	9.957873685	8.765229007	7.85652075367	12.45954952	7.454799409	9.226822258	7.63561587967	9.969027107	12.61421528	6.8565885325	11.18378596	BRCA
