ID	6722	8517	4796	5599	5256	1742	5163	10672	9826	6416	5962	5267	4018	5266	9475	4217	6093	5747	596	4214	23646	207	208	5291	10000	5337	5338	6915	4791	4790	4793	4792	4795	998	4794	DependentVariable
Instance1	11.90369558	10.2072374	5.201056716	5.939777752	10.76657469	8.85288926	7.374389909	8.4534541335	7.02290830967	8.585478725	10.19628894	5.379041481	5.398445547	7.630669612	12.232557025	9.636896969	8.331209336	9.55016911	8.4944607845	10.46146439	8.151071889	9.746089281	7.466690585	7.339184439	6.02664600925	8.517296488	8.102817052	5.45627725533	6.613275006	12.34771002	6.709066159	15.00532806	6.192791506	7.16387589625	6.748330821	Control
Instance2	12.0948349	10.39985497	5.648473532	5.0886580415	11.09418346	8.71258815	6.82117167	8.420983873	7.21726232233	8.106593131	9.270774855	5.682862067	5.53941872375	10.12116474	12.3160764435	9.908805826	8.399610251	9.45642471	7.97569312475	11.6627575	7.84259257667	9.68028616833	6.43012268	6.741201091	5.94776533325	8.822380524	8.723286465	5.34176664833	6.847355026	12.34109771	6.373840507	13.91249272	6.22776574	7.17118701125	7.391761545	BRCA
Instance3	11.66204091	10.04121461	6.234487549	5.6701097255	11.09221886	8.943878208	6.742616386	8.355686187	7.14763954633	8.6701660175	8.849515449	5.332718001	5.6473449425	9.215752072	11.8573344895	9.513535713	7.854652002	8.9981409465	7.84053328475	11.77105209	8.13076223967	9.69256516467	6.416760061	6.813047234	5.52044016575	8.8794769	9.112766015	5.05988235767	6.882157689	12.51631937	6.74855168667	14.51605303	6.053334703	7.03238297825	7.403653582	BRCA
Instance4	11.78440594	10.50969117	6.056697995	5.7758281875	11.67358746	8.818774784	7.875812501	8.470632059	8.05055294367	8.231806127	8.999866943	5.407702206	5.78691437275	8.367503347	11.581178851	10.2853274	7.179165475	9.0133211855	7.5957045875	12.00382718	7.91141483367	9.98949733167	5.863140121	6.506054132	5.58777326775	9.316802576	9.088311981	5.27411230067	7.43686989633	12.26985874	6.91424652367	14.35403309	6.605705905	6.55593589375	8.142746712	Control
Instance5	11.30524968	9.78258103	5.699476154	5.704258658	10.82382918	8.419687541	7.242581369	9.0143276255	7.28998991667	8.6043275615	9.435379153	5.31832701	5.41349168975	11.71457622	12.51727103	9.842350785	7.894031227	9.0250253645	7.8450723755	11.72645885	8.05132914867	9.506100771	6.860966288	6.944393257	5.87271996825	8.026649483	8.873068105	5.33256408333	6.867992672	12.37603319	6.52162721267	13.73047547	6.823052312	6.99171327025	7.427105645	BRCA
Instance6	12.47196608	10.54285319	6.068676855	6.517858181	10.7998525	7.431102924	6.583726382	9.5554462935	7.03831259267	8.9337864765	10.07167055	5.388199225	5.36215725675	9.742208842	12.441328291	9.445998278	9.001704532	9.420287121	7.89616385625	11.51112271	8.66312416833	9.688092646	7.477052175	7.80732453	6.0241266485	8.511892099	8.949827531	5.480868779	6.82836121733	12.87483063	6.160625593	13.77694807	6.248027763	7.00999639125	7.759191003	BRCA
Instance7	11.85634588	10.10111594	5.654644083	5.6011167705	11.81348272	9.772562477	8.139859715	8.505339801	8.002113911	8.457614913	8.720698396	5.814301269	5.72738524425	8.547551166	12.1160117875	10.88558411	8.073955593	8.8796586	7.264331835	12.26224618	8.26149413933	10.0480993307	6.742953157	5.996847001	5.88751933675	8.946870554	8.335882847	6.24835161833	7.129972705	12.52075501	6.344653246	15.02279519	6.003271234	7.10702874775	7.435068318	BRCA
Instance8	11.58622772	10.4077487	6.220915761	5.401013329	10.20523766	8.983991943	7.255408968	8.291126504	6.58638857667	8.519260169	9.786433463	5.793122872	5.5616245285	9.795139114	11.963258885	8.478204487	7.856831861	9.585335464	8.05261194825	10.99477083	8.73926121467	9.436876068	6.689303092	7.162847292	5.55851851825	8.972320105	8.236828767	5.52508715367	6.370347138	12.20475003	6.20271008933	14.22362506	6.744434014	7.09973287325	6.971661738	Control
Instance9	11.78440594	9.861979055	5.950124992	5.8779809975	10.58546987	8.939638805	7.076765168	8.848894832	6.90880436167	8.505661469	9.248106134	5.733497552	5.27903658225	7.972134198	12.3255748965	9.024350935	7.307431087	9.2675642675	7.87109163775	11.9611296	8.30760287133	9.58057105933	6.500527718	7.428655643	5.650041658	8.25505351	8.587722324	5.74249156433	7.15645079333	12.42766909	6.496869675	14.37348409	6.729828466	7.18183415025	7.718706032	BRCA
Instance10	11.68854659	10.22738163	5.825538406	5.5839936855	11.29816872	9.017365988	6.954839344	8.389578647	7.28371304933	8.616861979	8.861816698	5.332718001	5.42107091225	9.340818779	12.275687156	9.918602815	7.897680799	8.984597332	8.23267903825	11.43790563	8.31241618833	9.75364579767	6.827314517	6.850940421	5.56331123875	8.468869519	8.349370945	5.11583337933	6.83844174133	12.09766027	6.537366551	13.54172225	6.427443278	7.09000222	7.388170429	BRCA
Instance11	11.72159494	10.6073352	5.97637008	5.9065229025	10.41875948	8.91139283	6.732001603	8.5717472095	7.160270403	7.974032126	9.474832035	5.746387512	5.29943365525	10.24134003	12.123539839	8.979483163	6.841316277	8.7160245685	7.66150020625	11.22161448	8.09839563133	9.592833039	5.479142629	6.80536058	5.4786784915	9.35965136	8.976865608	5.17689135433	7.168375022	12.2590489	6.53208433767	13.43573605	7.217330395	6.604948967	7.827931929	BRCA
Instance12	11.60131362	10.68519142	5.839462851	5.767601547	10.73333763	8.491693915	7.247265632	8.5570198115	6.75902851233	8.704684954	9.571757916	5.695027274	5.46851933925	9.328529711	12.134661438	9.584314798	8.010333857	9.5799510855	7.69919135975	11.05015324	8.324634861	9.66262953467	6.97372929	7.215390118	5.7708818765	8.862560746	8.287990648	5.525142298	6.57488857867	12.38541089	6.30944562733	14.39776555	6.305519722	7.351535111	7.419372713	Control
Instance13	12.02214941	10.55664043	5.864874046	6.1670985755	10.95861817	8.626522298	6.836053906	8.1488016765	6.97687083067	8.3498677015	9.638753166	5.428285837	5.41297973875	9.551728025	12.160273944	9.571942743	8.228615647	9.807955308	8.09596774125	10.77967445	8.414281451	9.935713008	7.400262798	7.548207573	5.8854976	8.559712748	8.529255941	5.234299088	6.82571524133	12.24889125	6.83411040533	14.10537413	6.29655434	7.359104133	7.177023614	Control
Instance14	12.80095353	10.78787423	6.088105148	5.967633391	10.91699926	9.406067387	6.667222002	6.9824309615	6.85179277033	8.5569316505	8.985074234	5.532169853	5.49392179325	9.282845833	10.9667634565	8.411459216	6.165666403	9.6749751715	8.2876995905	9.313711317	8.35728929233	10.2127518167	6.998819226	8.158055634	5.6707063705	9.181625078	9.137978063	6.07044564433	7.207652156	12.29388695	7.043476808	14.13459319	6.944100378	6.6884391885	7.056315612	BRCA
Instance15	12.01701203	10.64411791	6.150209952	5.329465727	10.52730133	9.826628375	6.746786795	7.555290803	6.49978576033	8.5497894345	9.049440947	5.822864756	5.3024660935	8.743270176	11.161025592	9.186362588	6.754958049	9.2641454985	7.76711974975	9.683047729	8.11975201167	10.3303371883	6.457877938	8.167858571	5.6644220515	9.677900683	8.625965515	5.95986095067	6.73005362833	12.41257918	6.31386063533	13.98232431	6.85901018	6.843482732	7.130496238	BRCA
Instance16	12.32769025	10.70804518	6.026197658	5.656097949	10.74637599	9.589941868	6.702522925	7.1053956975	6.75918551067	8.480919728	8.783703111	5.492022402	5.3397622815	9.395331225	10.9770287015	9.156570504	6.390947607	9.278094081	7.94296329425	9.206422917	7.90427082367	10.0295226957	6.272541727	7.631688412	5.4935537865	9.203752442	9.170414035	5.73599947067	6.90677295333	12.40655986	6.96648824367	13.70909946	7.123296633	7.08107622375	7.502615284	BRCA
Instance17	12.82188064	10.68956587	5.65478727	6.071716146	10.7538521	9.255879016	6.709639152	6.970794802	7.00616258367	8.4390426745	8.737958056	5.428620839	5.5878714605	9.933019721	10.812047926	8.088816224	5.819036642	9.5786882385	8.49738614725	9.06544382	8.520181704	10.1231177773	7.39763426	8.19969826	5.65532370625	8.916223677	9.258413586	5.88052338667	7.382294288	12.32574401	6.88625381767	13.58466312	7.233142993	6.38540810175	7.244818397	BRCA
Instance18	12.50386679	10.59472841	6.037278568	6.259376137	10.41061594	9.489206292	6.817882628	7.221473383	6.901094345	8.551370553	8.919743136	5.35439155	5.36833577075	8.016392025	10.6804132185	8.515996551	6.462793134	9.21652246	8.0343733815	9.805889394	8.04074576533	10.182290716	6.554209422	7.6455704	5.5028216445	9.373311685	9.003209471	5.67454364833	7.144249486	12.39966386	7.059851597	13.75810714	7.187651778	6.7911300605	7.758041825	BRCA
Instance19	11.84868564	10.6432567	5.80723335	6.1648761405	10.25287861	9.71030757	6.508829224	7.2319628505	6.869329802	8.655247477	8.86615158	5.525764499	5.54079484925	7.858231463	10.7327467605	7.816185482	6.132068463	9.337026401	8.36146716375	9.17185302	8.51181191767	10.3257906717	7.681310676	8.275287778	5.267785966	8.860614559	9.219919401	6.06119661767	6.75150023233	12.00382718	7.14134063733	12.88068749	7.109154518	6.67358924525	6.988971848	BRCA
Instance20	13.82037647	10.36475876	6.072862143	5.593235253	10.83615712	10.15138482	7.429032419	6.895077292	7.01191404267	8.821488149	8.431498779	4.755170033	5.4791553945	11.77183206	10.274589591	9.55587899	5.833276737	9.6546657745	6.96857569025	6.536717836	8.71587468733	10.2867156497	5.687628504	7.498233163	5.47877633725	9.440475292	9.795618068	5.494402642	5.51821901167	12.05629403	6.82896955467	10.54750216	8.16176316	6.6605798635	7.975462708	BRCA
