ID	6655	5894	3708	6464	5163	2319	3709	2932	2931	1605	5533	6850	572	3635	695	1445	596	29760	3710	930	7409	933	5532	207	23368	1380	208	11184	975	5530	10211	5290	10000	5293	5336	2885	5595	8431	613	4773	4772	4067	5295	5788	6654	5594	DependentVariable
Instance1	7.867620258	10.11570732	10.99802289	9.15105029633	7.374389909	12.8538437	9.844635599	10.00381342	6.656643396	11.37070935	9.584314798	9.65740828	7.546352606	7.745155171	7.342077169	10.35004996	8.4944607845	4.418782743	11.35799469	5.792862671	6.878146348	5.583993803	11.8054921	9.746089281	10.66888523	5.26175828033	7.466690585	6.474070412	15.05985438	7.181967161	11.4712435	6.685313404	6.02664600925	8.467616885	10.98014335	9.4954151895	11.634256725	5.011016147	7.402056661	5.358259724	6.1646303325	10.63456176	7.0703331436	5.552770925	8.001564595	8.27215776867	Control
Instance2	7.609956448	10.34726733	10.75503384	8.42779587067	6.82117167	12.70768381	9.525335383	10.79867858	6.263509238	11.95147243	9.028818534	9.946928611	7.48196166867	7.742126034	7.365668755	10.84346202	7.97569312475	4.856999696	12.08864757	5.874189107	6.418236866	5.754895016	11.54241539	9.68028616833	10.98935922	5.354114245	6.43012268	7.698416725	14.81202536	7.328338472	11.07296681	7.098719371	5.94776533325	8.699078855	10.64134532	9.5539178325	11.27623323	4.708480413	7.1289164645	5.287134046	6.4733698555	11.67867508	7.6111323212	5.761736804	7.481398095	7.85669691467	BRCA
Instance3	7.575257723	10.45388564	11.137683	8.45925672733	6.742616386	12.97428108	10.74066222	10.42204403	7.147411327	12.10871075	8.789730168	9.791985416	7.496409352	8.060129988	7.320667722	11.26946293	7.84053328475	4.383188881	12.01135666	5.917677146	6.805650779	6.730983353	11.24175993	9.69256516467	11.22308177	5.11576158533	6.416760061	7.691529493	14.58875125	7.238491368	11.0249286	6.212526175	5.52044016575	9.063247518	10.4984955	9.480270588	11.198356615	5.249645622	7.0926896005	5.0508794315	6.05907682475	11.59799678	7.448654099	5.7813974245	7.228580927	8.11094053067	BRCA
Instance4	6.838009842	10.09500831	10.00164081	7.73867912133	7.875812501	12.97428108	9.439182162	11.11828268	6.947903173	12.23392978	8.74769044	9.638916035	7.166098701	8.06060289	7.813125618	11.31701417	7.5957045875	4.802724808	11.97218475	6.299945779	6.327333135	5.805041697	11.56978693	9.98949733167	11.51613105	5.131706317	5.863140121	7.6894721935	14.61254488	6.422323287	11.13481472	5.584068992	5.58777326775	8.649598507	10.35580562	9.432546201	11.274247985	4.978894894	6.88167523675	4.8161306655	5.969107067	11.00452968	7.6522265588	5.1671536775	6.648325671	7.98209816267	Control
Instance5	7.652900753	10.22872886	10.864964	8.10318445333	7.242581369	12.74323457	9.689574849	10.40311354	6.836369559	11.96551025	9.157246578	10.27897821	7.33013335533	7.919118257	7.547899223	11.32409911	7.8450723755	5.03343539	11.58766984	6.107798352	6.328276055	5.94146509	11.00452968	9.506100771	11.09139921	5.38339731633	6.860966288	7.3265682065	14.89547873	7.7125980515	11.18656944	7.405441727	5.87271996825	8.565760069	10.43232295	9.66718229	11.21839075	5.291135005	7.4523840255	5.183721743	6.17905477475	12.12951334	7.950268865	5.93158530625	7.634958261	7.82991936767	BRCA
Instance6	8.522033306	10.624983	11.45443311	8.70127661067	6.583726382	12.96626215	9.814991395	9.953578497	6.770634576	11.84561169	9.836169177	9.943244144	6.96976629	7.186711317	8.067624097	11.07168041	7.89616385625	5.628052686	12.06588572	4.980495207	6.682787905	5.551217027	11.73619062	9.688092646	10.66999253	5.35542542167	7.477052175	7.1742404065	15.11026186	7.745704965	11.27871096	7.460253403	6.0241266485	8.146264608	10.6767992	9.9164802245	11.07534033	5.294814856	8.244265727	6.0739409315	7.79825655525	11.79461296	7.4183463498	5.9022013445	8.19601328	8.18650002	BRCA
Instance7	6.760091594	9.961088297	9.557684409	8.36198243367	8.139859715	12.94803322	7.511675823	12.02630394	6.72267478	12.01701203	7.747456426	10.45584633	6.54175895867	8.082270314	6.816347305	11.3382407	7.264331835	4.93712219	12.23463043	7.278707598	5.926361974	6.11442494	11.41213066	10.0480993307	11.69149721	5.26577076433	6.742953157	7.891445025	15.01411749	6.5896621115	10.78457782	6.662423158	5.88751933675	8.302457433	10.27409306	9.167523377	11.151396135	5.046808884	6.14302696	5.0860843655	5.88961529475	11.980959	8.3350079456	5.875906139	7.292025067	8.451561107	BRCA
Instance8	7.907583411	10.12277013	10.66388964	8.53051419067	7.255408968	12.65135565	9.583290187	9.584981814	7.289814009	11.17361954	9.508320259	9.498226492	7.84441516067	7.46131803	7.356058229	10.5789154	8.05261194825	5.139460541	11.37383049	6.080130651	6.739851899	6.382758563	11.39154181	9.436876068	10.33398861	5.201833026	6.689303092	6.8986588765	15.01411749	7.480559564	11.28537059	6.020263967	5.55851851825	8.452633655	10.75653988	9.1611827995	11.40345044	5.30196368	6.9500503585	5.2291868665	5.9603886785	10.68348837	7.757716558	5.4118146555	7.787382059	8.171538624	Control
Instance9	7.65031782	9.9831294	10.78521972	8.16926655967	7.076765168	12.68048706	10.67301333	9.460251675	6.70684521	12.04072818	9.212004536	9.427680085	7.80894971567	7.57557919	7.635901506	11.11718547	7.87109163775	4.805564985	11.74966846	6.158463896	6.37387057	5.582188094	10.77439198	9.58057105933	11.15889068	5.31378150867	6.500527718	7.1634039155	14.95604237	7.5245411315	11.36309182	7.205282841	5.650041658	8.407417683	10.57213676	9.3657406255	10.99057863	4.984374307	7.14309656525	5.2554434645	6.02825469225	11.06871466	7.6719006758	5.575716739	6.878728789	7.91861634733	BRCA
Instance10	6.965931792	10.28660429	11.44285036	8.39504068233	6.954839344	12.95548196	9.67905828	11.10846093	6.408334517	11.58294888	9.015945424	10.46083242	7.79374473733	8.076790383	7.135404364	11.00749006	8.23267903825	4.910985938	11.77144213	5.838328613	6.73809606	5.372961888	11.36752411	9.75364579767	11.04825205	5.55001819667	6.827314517	7.400487096	14.72963536	7.3344224225	11.15310882	7.606018576	5.56331123875	8.72987657	10.09533805	9.70078824	11.551814785	5.396956849	7.10464715825	4.4572839285	6.0078154565	11.11942121	7.3060563712	5.35829187075	7.4960371	7.74245236133	BRCA
Instance11	7.055014278	10.23292486	9.330368553	8.62624266567	6.732001603	12.90048482	8.417642766	9.583290187	6.991610063	11.33767223	9.789998625	9.687454914	8.04104994467	8.631178079	8.067946709	11.20477915	7.66150020625	4.790265497	11.5968724	6.434716308	7.487641348	5.779267108	11.41782366	9.592833039	10.65416187	5.237742989	5.479142629	8.233561828	15.04650697	7.1793537375	11.72826504	6.657000843	5.4786784915	9.15686751	10.37037168	9.153599552	11.573459625	4.649498512	7.69392134225	5.077444067	7.27521674725	10.71430158	6.9076540764	5.0602911245	6.507481989	8.06297051567	BRCA
Instance12	7.958945778	10.11618835	10.4353997	8.601359139	7.247265632	12.71111204	9.772677934	9.857779317	6.58789422	11.43475867	9.291228915	9.311414064	7.56627437633	7.791425228	8.017839982	10.56738599	7.69919135975	5.024819696	11.78113439	6.610733738	7.188443271	6.040569875	11.31639767	9.66262953467	10.7998525	5.46853402633	6.97372929	7.3092094575	14.77756767	7.4303730355	10.74842792	6.822223857	5.7708818765	8.195422808	10.77070542	9.5256586835	11.32136754	5.321036278	7.10276194725	5.346357517	6.19438472475	11.07740677	7.509195938	5.3468143985	8.512524314	8.197304519	Control
Instance13	8.326250965	10.13087976	10.86238187	8.523978557	6.836053906	12.66850837	9.630713575	9.894916689	6.962725777	11.66148208	9.562295439	9.328361407	7.59129591867	7.924992273	7.572133883	10.51810261	8.09596774125	5.006310647	11.47029296	5.802588255	6.506450901	6.013915124	11.73097541	9.935713008	10.67254493	5.17548371233	7.400262798	6.888946511	15.13382676	7.50153016	11.21374538	6.672535396	5.8854976	8.126576876	10.77027594	9.597360232	11.488573795	5.316336975	7.04497527125	5.298679987	6.7272117865	10.59403555	7.3656981534	5.465254836	8.640083234	8.151507585	Control
Instance14	7.997872605	10.76657469	11.40394419	9.16094315833	6.667222002	13.08056861	9.432772131	9.243632862	6.940170054	11.9128857	10.13925432	8.752398314	7.66188804867	8.194979796	7.446217194	11.10704394	8.2876995905	4.615340623	12.30526243	5.38371401	6.342168584	5.948373802	11.62683849	10.2127518167	10.99212422	5.38469283233	6.998819226	8.692567757	14.92253006	6.8933171905	11.5761703	4.904979261	5.6707063705	8.437316311	10.48711175	9.06038523	11.695521545	5.438302209	6.95072196525	4.997642808	6.759633327	9.744102689	7.1534205814	5.12336596575	7.7584583	8.08129530567	BRCA
Instance15	8.051101686	10.37973064	10.55627639	8.789516499	6.746786795	13.41513704	10.64514978	10.71182636	7.146036874	12.34260121	9.726252704	9.846603446	7.66703628367	8.236482005	7.719014193	11.19715849	7.76711974975	5.257964097	12.12065594	5.808521004	7.404696936	5.649336125	12.04715639	10.3303371883	11.86989657	5.17995486067	6.457877938	7.938179434	14.88287635	7.408146448	11.81694975	5.472171943	5.6644220515	8.637277967	10.27293332	9.5800955565	11.206231375	4.693784032	6.8465411235	5.0933444835	6.23406257875	11.47931054	7.0222287176	6.23823784275	7.8511886	7.95451796533	BRCA
Instance16	7.815353072	10.55366796	11.43117909	8.419142242	6.702522925	13.11510467	10.02677279	9.940739781	6.8817904	12.20475003	9.678499404	9.401834759	8.02569258867	8.360837347	7.671578438	11.16642377	7.94296329425	5.043313058	11.98934847	6.854248561	6.749538038	6.15689776	11.78825759	10.0295226957	10.79624673	5.39980916	6.272541727	8.3957564855	14.8574397	7.1208014865	11.62203593	4.944168843	5.4935537865	9.107714755	10.41229492	9.0393998015	11.49634678	5.01168711	6.36958253925	5.159575836	6.007950882	10.74565776	6.9209080238	5.7894712835	7.192690117	8.00665617633	BRCA
Instance17	7.672568764	10.73881029	11.63501532	8.58330978467	6.709639152	13.11366653	10.62223972	9.388491534	6.725404178	12.29067992	10.00443156	8.411575733	7.95110622133	7.506587513	6.933959475	10.99617883	8.49738614725	5.277437357	11.82192354	5.838328613	6.730643776	6.220383769	11.72922572	10.1231177773	10.78864516	5.46157344467	7.39763426	8.3021809055	14.96339624	6.752537335	11.97407764	5.538546893	5.65532370625	8.783359349	10.07347253	8.9731778835	11.796022585	5.31868854	7.09904829625	4.8457210545	6.538599406	9.93170563	6.8965544166	5.2330931355	7.688986551	7.86577453733	BRCA
Instance18	7.588473151	10.51457134	10.51995589	8.49027171233	6.817882628	12.84571551	10.68629503	9.946226836	7.049089233	12.17175704	9.577046919	8.766761713	7.89435356167	8.303724962	7.679833912	11.05496734	8.0343733815	4.586084011	11.43832419	7.068835031	6.697180004	5.684966848	11.42322901	10.182290716	10.86989475	5.39371541333	6.554209422	8.359283725	15.11026186	7.0698721725	11.70152102	5.070616072	5.5028216445	8.641727659	10.26509376	8.9213733295	11.46459896	4.795729695	6.81036109175	5.0687373255	6.491152042	10.28924692	6.895239566	5.380511539	7.192172276	8.01917131267	BRCA
Instance19	7.816841466	10.54450111	10.92093732	8.95843216133	6.508829224	13.00161496	9.595686927	9.355059844	6.900568353	12.49713337	9.812915765	8.285819621	8.071594068	8.375496855	7.588285745	11.23824666	8.36146716375	4.776645376	11.71457622	7.21271797	6.941461789	5.979917442	11.4712435	10.3257906717	10.87885198	5.30503171933	7.681310676	8.194408215	14.90075929	6.9466844905	12.09587508	5.353156751	5.267785966	8.719338441	10.00575124	9.111304808	11.5411915	4.971786376	7.1247906185	4.958492937	6.4121055595	9.513950163	7.0040046146	5.27831365375	7.574595656	7.890844983	BRCA
Instance20	8.635646596	5.97155002	10.58930965	8.67313689733	7.429032419	13.71793344	10.11297736	10.72853303	7.891238603	12.09425678	10.43684194	9.458448204	8.530428344	8.848717702	7.960988197	11.61491238	6.96857569025	5.002940155	8.747421913	6.536717836	7.237164838	6.352798794	12.28769659	10.2867156497	11.58252909	5.03668394933	5.687628504	7.5562259225	14.97508152	7.9529606385	11.68222884	5.027033758	5.47877633725	8.95253824	8.105084975	10.2970447	12.52079595	5.027033758	6.87914917925	5.2986916435	5.81851615	9.580042347	7.4112322548	6.02382361625	8.480033951	8.742530249	BRCA
