ID	7867	10818	3265	5894	1432	6300	6464	9261	3845	53358	4803	5906	6714	7529	5600	5605	5899	673	5898	5603	5604	5900	1398	2889	4893	25759	2885	5595	6016	6014	57498	4914	6654	5594	DependentVariable
Instance1	10.72737618	5.772677763	7.4423513115	10.11570732	7.09994864525	6.752518218	9.15105029633	7.3429582785	6.8286116825	5.814878023	7.388170429	7.005431822	6.75911734333	11.115513174	7.4995792045	11.44994835	11.45733998	6.513534664	12.06834846	9.595220702	10.49127719	9.6517073415	10.9291550067	8.096419889	8.74899041	6.35664089167	9.4954151895	11.634256725	8.013268405	4.747000107	10.84652096	5.19152344233	8.001564595	8.27215776867	Control
Instance2	11.28922369	5.65943283333	7.8897640555	10.34726733	6.60639379225	6.478329262	8.42779587067	7.508147197	6.4300637355	5.911818141	7.536346549	6.434568757	6.586005659	10.8888014215	7.383968157	11.52169626	11.67510152	5.99820185	11.8054921	9.166697324	9.559434991	9.5949501985	10.8430461553	8.308590396	8.474680533	6.54570248567	9.5539178325	11.27623323	6.971086891	4.592520086	10.46257413	5.505510586	7.481398095	7.85669691467	BRCA
Instance3	11.524772	5.55073379133	7.856102429	10.45388564	6.58493097	6.215392848	8.45925672733	7.067906808	6.720661627	5.503993644	7.765321119	6.699751273	7.22912163867	11.252028628	7.0833900895	11.72288448	11.40523204	6.84843868	12.13502955	10.50005538	9.65317699	9.3783225215	10.353336411	8.06587291333	8.690112479	5.873035507	9.480270588	11.198356615	7.223811373	5.10686257	10.51689201	5.26733198233	7.228580927	8.11094053067	BRCA
Instance4	11.77058762	5.33781834633	8.398114105	10.09500831	6.0589973865	6.355796501	7.73867912133	7.5757878185	6.243898751	5.602001935	7.799736743	5.6556447465	6.91032494133	9.6891460585	7.0038486335	11.42772678	11.09785784	6.723630657	12.02968073	10.578656	9.580847928	9.3120333535	9.24789131367	7.75608816367	8.847629866	6.403711392	9.432546201	11.274247985	6.418616371	5.082373945	9.818622568	5.99442656267	6.648325671	7.98209816267	Control
Instance5	11.29922535	5.688073818	7.697637374	10.22872886	6.730522711	6.095297454	8.10318445333	7.645516256	6.8833304115	5.633294061	7.144329712	6.4308542	6.72839437467	11.277560598	6.931778481	11.8471671	11.71544309	6.818713579	11.68152186	11.00715715	9.966174165	9.6541939785	11.076519951	8.12260925067	8.770532686	6.34452495067	9.66718229	11.21839075	7.219219655	4.403439363	10.595689	5.547936593	7.634958261	7.82991936767	BRCA
Instance6	11.31140223	6.26184317333	7.3388634815	10.624983	6.87151716925	5.996451597	8.70127661067	7.5964459115	7.019536675	5.353244986	7.044998189	7.3002942325	6.38912935567	10.678516145	7.4215310095	11.5852209	12.22616388	6.520033725	12.29172622	10.15284924	10.23164154	10.930540346	11.51028325	8.40450445433	9.445243095	6.44851453633	9.9164802245	11.07534033	7.637749928	5.089382945	10.95861817	5.422961591	8.19601328	8.18650002	BRCA
Instance7	11.77105209	6.52939292733	7.9742866725	9.961088297	6.362735412	6.107065996	8.36198243367	7.3846532985	6.6232326	5.876892151	8.198753346	7.2132301705	7.54701473933	10.2755669945	6.239058915	11.16076662	10.56738599	6.949071249	12.09842044	9.662659976	8.977681421	9.7207434685	9.54237477033	8.232537209	9.358008891	6.328291098	9.167523377	11.151396135	5.938762876	5.709711946	9.415520555	6.52639166833	7.292025067	8.451561107	BRCA
Instance8	11.03612228	5.97148952467	7.7095138065	10.12277013	7.0975611175	6.332712967	8.53051419067	7.097562405	7.0670465565	5.783660451	8.277683912	6.7375606535	7.00963552967	11.313560577	6.487104221	11.28922369	11.55940591	6.880413479	11.95847307	10.21059864	10.00443156	9.2094695665	10.4230262683	7.82778458767	8.993477034	6.443340444	9.1611827995	11.40345044	7.843734423	4.475747249	10.55515256	5.618990182	7.787382059	8.171538624	Control
Instance9	11.27393851	5.54762997267	7.94496816	9.9831294	6.41978303225	6.387246745	8.16926655967	7.4254276565	6.5497902615	5.675118156	7.431458167	6.6237057305	6.85674479767	10.898757498	6.9655385505	11.82274022	11.56454026	6.894518054	11.88601099	10.55937736	9.452231522	9.550898016	10.3226626667	8.16675555833	8.769533015	6.39158794533	9.3657406255	10.99057863	7.418993406	4.431796925	10.38239737	5.580399701	6.878728789	7.91861634733	BRCA
Instance10	11.09393927	5.70757979267	8.148239231	10.28660429	6.2012063225	6.271748387	8.39504068233	7.581342169	6.1985753455	6.078850631	7.109833592	6.458550254	6.973025285	10.8706706855	6.9279187635	11.64681981	11.2564654	6.877072814	11.97982718	10.19143901	9.69476318	9.179039416	10.545324375	8.199921005	8.271931157	6.12471153133	9.70078824	11.551814785	7.028130191	4.509722249	10.25415499	5.61823474067	7.4960371	7.74245236133	BRCA
Instance11	10.84003064	5.474832278	8.198599078	10.23292486	5.5612686795	7.123193151	8.62624266567	7.82250581	6.7499434665	5.859479655	7.593430574	6.367097734	6.89592443067	10.689313351	7.8209172285	11.94944384	11.65213254	6.461320332	12.14240395	9.821790372	9.736317839	9.1529017865	9.79179927967	8.20243453067	8.359597076	6.644868335	9.153599552	11.573459625	7.754922776	4.998433881	10.1304744	5.82521094467	6.507481989	8.06297051567	BRCA
Instance12	11.04264453	5.75504391333	7.4409667175	10.11618835	6.791169903	6.222800335	8.601359139	7.457900782	6.5565791765	5.639963781	7.536560251	6.6803573705	6.98144085767	11.1506836145	7.3186471095	11.38105635	11.78049682	6.276408844	11.9684077	10.00036666	9.990983614	9.5842430075	10.508302728	8.218543204	8.700336649	6.02245582833	9.5256586835	11.32136754	7.730641866	4.708756286	10.49035982	5.741424473	8.512524314	8.197304519	Control
Instance13	11.0724812	5.512284756	7.6537280945	10.13087976	6.935865955	6.621469955	8.523978557	7.747843835	7.0758260015	5.962092758	7.908033966	6.6358028665	6.75905554167	10.921528441	7.67532014	11.33166731	11.58069917	6.674054967	12.08367055	9.110118593	10.29596436	9.648764126	10.776914439	8.05578707333	8.782311189	6.0986811	9.597360232	11.488573795	7.629850413	5.151586144	10.63456176	5.65673537333	8.640083234	8.151507585	Control
Instance14	10.76712945	5.61854815867	8.1909422715	10.76657469	6.23780006725	7.464997224	9.16094315833	8.0739560435	6.6476128175	5.7012796	6.930918032	6.5600925975	6.82951290367	10.7254236375	8.0652644275	11.29445435	11.66672787	6.855868653	12.19911107	10.87659774	10.01433476	9.4849334175	10.0785233767	8.51274768967	8.647099619	6.334076616	9.06038523	11.695521545	7.887511753	5.211315238	10.43647761	6.076211705	7.7584583	8.08129530567	BRCA
Instance15	11.83915468	5.79048117533	7.2806843915	10.37973064	6.155251749	7.090538878	8.789516499	7.467041959	7.0204037355	5.964982644	7.437400717	6.965484196	6.91208436433	10.2594135915	7.6098380195	11.28106518	11.64123906	6.771559209	12.63069834	10.82965558	9.712540381	9.4691263995	10.273357482	8.32439668333	8.81729638	6.36041764567	9.5800955565	11.206231375	7.146036874	5.556131441	10.391695	6.892202365	7.8511886	7.95451796533	BRCA
Instance16	11.10921707	5.33919502267	8.539009948	10.55366796	6.273689165	6.615413078	8.419142242	7.7812287505	7.1398498025	6.354474751	7.62073508	6.4715114345	7.22720437133	10.5808051515	7.0284721055	11.36168902	11.30184213	6.67359573	12.24753009	10.6792956	9.812386363	9.406931471	9.657730528	8.01006157867	8.541833388	6.07268852967	9.0393998015	11.49634678	7.655174925	5.205559906	10.19073248	6.22343926267	7.192690117	8.00665617633	BRCA
Instance17	11.01508764	5.61174235633	8.146852134	10.73881029	6.46315116575	7.250987916	8.58330978467	7.8494133085	6.9933104255	6.161591078	7.081033649	6.023625171	7.35444662233	10.4220281465	7.455521977	11.42163372	11.51908594	6.936287895	12.22228482	10.91211486	9.916141133	9.534231038	10.1347274673	8.288915847	8.366847964	6.65884761167	8.9731778835	11.796022585	7.76833508	5.208879341	10.41126499	5.900651423	7.688986551	7.86577453733	BRCA
Instance18	11.49963678	5.830169643	8.041917075	10.51457134	6.3805448535	7.043631926	8.49027171233	8.0462685015	6.9654454415	6.434174186	7.252857286	6.459501324	7.03736704367	10.774455608	6.6752901625	11.31587145	11.2808811	6.811538864	12.3345988	11.25835125	10.0322459	9.308902558	9.80282410467	7.850534738	8.850844048	6.11670727667	8.9213733295	11.46459896	7.928727288	5.264359319	10.40575339	6.655477482	7.192172276	8.01917131267	BRCA
Instance19	11.05606207	5.78611083467	7.888636145	10.54450111	6.522968526	7.101978624	8.95843216133	8.1239601125	6.6035671485	5.997072898	8.260967887	6.2166346505	7.07743364033	10.6742105895	7.151868078	11.57272404	11.82446468	6.9630149	12.11865571	11.43596985	9.833428205	9.061057539	9.86475183033	7.78803484367	8.687831539	6.82720474267	9.111304808	11.5411915	8.18838006	4.96556642	10.31880295	6.36521905133	7.574595656	7.890844983	BRCA
Instance20	12.34771002	5.28673583567	8.85628218	5.97155002	6.65967948325	5.606894664	8.67313689733	7.935994932	7.564460333	5.167730486	8.100019848	5.5290771255	6.94510312533	9.266249858	7.830943777	11.3119244	11.37930812	5.771893004	12.21264541	11.1404753	9.724718956	10.538921337	8.419348991	8.730724321	8.961436038	6.59408105933	10.2970447	12.52079595	7.822477025	5.077041333	9.648942238	5.64712131267	8.480033951	8.742530249	BRCA
