ID	4660	23236	5579	9459	5578	50649	9828	2768	10672	9826	50650	4633	23370	22899	2792	27237	4638	5585	6093	9639	58498	8874	394	23365	2776	23229	9181	2782	9138	7984	128272	DependentVariable
Instance1	7.3213517445	6.8772890085	6.21136540967	12.79680929	8.688181342	6.3517901525	9.676706901	8.214096299	8.4534541335	7.02290830967	11.35888208	5.711516483	10.94302045	6.974876651	5.028139516	5.922204539	9.50331156833	6.2539313625	8.331209336	10.89447128	7.33624126	7.11874968225	6.360325315	8.942471345	9.668318219	7.42286607	11.83642135	13.02719506	6.62915280967	7.0197435475	8.606369237	Control
Instance2	8.550400766	6.8906417385	6.479820979	11.91536041	9.433471275	6.1249982985	9.387667941	7.532532906	8.420983873	7.21726232233	11.66148208	5.8271941275	10.980761	7.013074525	5.682862067	6.234966481	9.09094023867	6.5171387065	8.399610251	10.89019608	5.296651267	6.81468351325	5.609778043	8.967342365	8.930930318	7.466547848	11.86434298	13.00956452	7.065017645	7.360409146	9.149455709	BRCA
Instance3	7.1923046205	6.771545835	5.889051372	12.27822446	8.48506563	6.0455148775	9.154932713	7.5482059275	8.355686187	7.14763954633	11.67556248	5.407860596	11.31587145	6.954781196	4.963487128	6.681523496	9.01551201767	6.61732472025	7.854652002	10.74066222	5.297018269	6.9184467285	6.086195285	8.842775487	9.213384421	7.473768904	11.64258438	12.9979954	6.82586201267	7.6149854675	10.26278816	BRCA
Instance4	7.739516337	7.226006717	6.312672729	12.44726543	9.211511834	6.641050264	9.296423637	7.534292972	8.470632059	8.05055294367	12.06924173	5.8881516615	11.08987103	7.006413395	5.29683478	7.902979691	8.53219426233	6.47756407375	7.179165475	10.84257057	6.065341406	6.8753532685	6.369340517	9.400581223	7.435526765	6.492979261	12.14617574	13.11510467	7.033690337	7.091127183	10.49549809	Control
Instance5	7.6832427075	6.848015995	7.50900425433	11.8295207	8.977409535	6.1770987645	8.542839504	7.521638948	9.0143276255	7.28998991667	11.21556957	5.573662743	10.6623838	5.784249584	5.536217098	6.309981606	9.705586173	6.71796566475	7.894031227	9.986276218	6.240319696	7.042316968	6.195107022	8.361144506	9.924501194	7.306383297	11.49963678	12.87743566	6.81636221267	7.353366134	9.709023968	BRCA
Instance6	8.156859977	6.727722821	6.98490046733	12.2142175	8.467749328	6.1064243495	8.851312673	8.378260395	9.5554462935	7.03831259267	11.63008747	5.8595748445	11.12068843	6.44303107	5.717272857	6.245415441	9.68830932967	6.542090834	9.001704532	11.05985498	5.163308771	7.04212019375	6.291866548	8.091899625	10.54993411	7.699678504	11.42649031	12.98372673	6.943744339	8.0065401475	9.767150378	BRCA
Instance7	8.917446952	7.4861886795	6.81582852467	11.65213254	9.024558716	6.621286377	9.186362588	7.2729672355	8.505339801	8.002113911	12.32769025	6.2923220485	11.0724812	6.324635677	5.442621133	7.569269157	9.12043218767	6.32620541175	8.073955593	10.90400629	6.186961651	7.086501719	6.234822818	10.10617723	7.39744174	6.62585904	11.9128857	12.64120964	6.66013393767	7.398166653	9.682880991	BRCA
Instance8	7.4539681055	6.719520862	6.87117032933	12.04345466	8.419813926	6.290448296	9.32491247	7.7170366325	8.291126504	6.58638857667	11.59376472	5.3157706865	10.97310559	6.010338577	5.865554662	6.26697916	9.486682492	5.8394843035	7.856831861	10.73923235	6.028906829	6.878128638	6.255128327	8.742748263	9.665460782	7.187206373	11.46940666	12.98945487	6.94678504233	7.3275873295	9.185817698	Control
Instance9	7.2074709075	6.995146243	6.13414385767	11.90965135	8.419971893	6.4100339915	9.13113101	7.3061893255	8.848894832	6.90880436167	10.98367433	5.5998750555	10.84509426	6.189039385	5.659076304	6.442284701	9.58901573033	6.6911723715	7.307431087	10.34961328	7.191752936	6.68912259525	6.351695128	8.532863482	9.303998235	7.416293235	11.42258795	12.96993872	6.84858083833	7.764117206	9.801595657	BRCA
Instance10	7.892070953	6.432879816	6.39658479233	12.55918115	8.01888328	6.284706067	9.296423637	7.907067338	8.389578647	7.28371304933	11.56729791	5.354306944	11.15442592	6.82419862	4.958159726	6.803650446	9.227921381	6.42449436375	7.897680799	10.22147267	8.670409399	6.83729661375	6.465734233	9.242210154	8.352640608	7.626842693	11.94269603	13.02126635	6.83702017467	7.0243493185	9.657506535	BRCA
Instance11	6.2150863915	6.4844860445	6.39932068633	11.72288448	8.202296649	6.86795903	9.125000832	7.853596491	8.5717472095	7.160270403	11.11336307	5.6062123695	11.06412655	6.955013775	5.704879743	6.189879523	7.787443455	7.03909640125	6.841316277	10.65863127	5.811349805	6.9155758595	5.952514852	8.584390499	6.808774778	7.333381522	11.58990637	13.00161496	7.55477452833	7.127628679	9.376006585	BRCA
Instance12	6.7934792275	6.6696596965	6.68769140167	12.22228482	8.474558864	5.8507392895	9.116857992	7.824689506	8.5570198115	6.75902851233	11.61752958	5.9466090825	11.07640162	6.418869319	5.291135005	6.582936515	9.08050051933	6.3846882695	8.010333857	10.58354379	5.494104547	7.0280872375	6.264823163	8.717266109	9.546605663	7.344808806	11.28124924	13.04989878	6.964729076	6.7795826835	8.820131982	Control
Instance13	7.4553755765	6.8308282135	6.24070564267	12.61931219	8.584390499	6.6186871925	9.682240186	8.27787209	8.1488016765	6.97687083067	11.32023378	5.9101431505	10.88698849	6.920088188	5.465820435	7.010810952	9.62072910933	6.86696213225	8.228615647	10.8409276	6.570998396	6.82722657275	6.563429392	8.680993366	9.998851701	7.394079193	11.87062298	13.26893746	7.07433236567	7.4812417145	9.437815065	Control
Instance14	6.522482528	6.0566410755	6.35314852433	11.94088626	7.646632733	6.2814389675	9.972804328	7.975217304	6.9824309615	6.85179277033	11.06473959	5.800664414	11.01404508	7.147411327	5.973617732	7.290182754	8.49734289867	6.77057151575	6.165666403	10.94530503	6.274546467	7.17812552075	6.404720615	9.101726968	9.061277435	7.593057023	11.77387079	13.29995283	7.727279445	8.118436281	10.35054176	BRCA
Instance15	6.606060128	6.1713175965	6.73899581333	12.3148028	7.883225397	6.7615365545	9.798905567	7.759504455	7.555290803	6.49978576033	11.4521693	5.7139169485	11.31639767	7.28181675	6.049636893	7.663239867	8.274334497	6.6883603935	6.754958049	11.46296756	6.912054382	6.97920365725	6.334501796	9.303010758	9.803614982	7.878512509	12.47196608	13.17700839	7.183012295	7.4607373415	10.03037096	BRCA
Instance16	6.7413607975	6.211869299	6.39469361333	12.08741818	8.420129842	6.5869313135	10.11282428	7.6567115775	7.1053956975	6.75918551067	11.31639767	5.5237693225	11.19124141	6.594328803	5.732683853	6.744602197	9.17804262733	6.602909202	6.390947607	10.63612184	8.665772146	6.84138416125	6.325895119	8.874183054	8.90929393	7.298523434	12.01384441	13.33363132	6.95788567333	8.5665438105	9.928970257	BRCA
Instance17	6.7795959815	5.8868527975	6.135427533	12.09712198	7.621284726	6.080841847	9.925777364	7.5260455805	6.970794802	7.00616258367	11.44639338	5.190018454	11.05798176	6.902016657	5.542111953	7.265898928	8.42402514667	6.757257889	5.819036642	10.4760984	8.46847246	7.13296659575	6.289378595	9.192268846	8.5896522	7.488003031	11.87223249	13.36856584	7.42533658167	7.645996026	10.29747263	BRCA
Instance18	6.7639472735	6.0972822555	6.82794277033	12.0234322	7.779918143	6.159652135	9.663033731	7.962070869	7.221473383	6.901094345	11.42384353	5.6144802065	10.95307261	6.928669743	5.655216748	7.309387959	7.96689849	6.944151093	6.462793134	10.37781545	7.019788425	6.99163943775	6.550058455	9.086614694	8.886520521	7.542337622	12.07225833	13.36355512	7.05176361233	7.717619644	10.37529501	BRCA
Instance19	6.5624381805	6.0356141115	6.69079792733	11.6799266	7.098719371	6.6047649325	9.768664506	7.680914872	7.2319628505	6.869329802	11.04491678	5.5293512445	11.28033307	6.953268513	6.118635505	7.206333395	8.16545528467	6.94769665225	6.132068463	10.26978741	7.617285854	7.13941373125	6.048220516	8.822746975	8.45292188	7.457526834	11.68740205	13.29267684	7.59954643233	7.8098681835	9.828097252	BRCA
Instance20	6.25801717	5.0579964415	6.127634878	12.42398457	7.791197286	5.5186800855	10.44063591	6.163731976	6.895077292	7.01191404267	8.608754849	6.118887362	11.05137569	6.709397913	5.537615426	8.493075988	8.01304877233	6.872094167	5.833276737	9.676230874	6.329397776	7.06399239075	6.974761956	7.591767528	9.284894137	8.054171682	12.93245566	13.38150649	6.66947468633	7.284669954	10.85219028	BRCA
