ID	5436	5437	56949	4331	5435	5438	5439	2072	2071	2074	2073	2068	5440	5441	2067	2966	2965	1022	6917	5431	5430	5433	1161	5432	2968	902	2967	DependentVariable
Instance1	11.06244102	10.33896506	10.22941402	6.69676284	12.07353083	11.03306523	7.484019523	6.3552688025	10.0776573	6.023427942	10.8503707	8.220113618	6.365977347	9.950818724	9.188663982	5.474931823	6.107234293	9.361681261	7.69516215867	9.502643438	11.4871292	9.588630847	5.98923741275	9.734545643	10.43957668	8.45525079	8.439499644	Control
Instance2	11.20928598	11.03103278	11.47305897	7.086882265	12.14356347	11.31379869	6.750074255	6.408355982	10.50841903	5.469081112	11.24175993	8.497094498	6.504704302	8.536044277	8.87572558875	5.210049084	6.586162299	9.155780297	7.36046158267	9.076489033	11.94573106	9.975440003	5.671599723	9.498501844	9.94572954	7.832012647	8.965352223	BRCA
Instance3	11.27344029	11.02625388	11.36143133	6.839081327	12.38193096	11.43055462	6.90941648	6.4049587985	10.71269919	5.7913656	11.18453773	8.892012333	6.401780305	8.618450775	9.4100312975	5.664561948	6.582656103	9.394656215	7.362647587	9.480992671	11.65775177	9.936402792	5.76207503975	9.55547611	10.27514127	7.667131787	8.580466923	BRCA
Instance4	11.08706186	11.73846187	12.36769602	7.265055029	12.34948589	11.62261253	7.827852559	5.8412655795	10.43052602	6.424087011	10.98412667	8.85164062	6.648325671	8.674016666	9.282287986	6.002540089	6.970019164	9.99050151	6.74089657333	8.607368346	11.94385185	9.42569906	5.44909299075	9.5760667495	10.44466839	7.517316273	7.704562712	Control
Instance5	11.3442156	10.79386361	11.45168263	6.867961695	12.13760287	11.5269639	6.693630261	6.0308847905	9.889641277	5.607338636	11.05169516	8.312657375	6.908516092	7.919118257	9.282575993	5.206341637	7.045217151	9.627078354	7.74437634867	9.566592153	11.82274022	9.787507202	5.729943951	9.5036457565	9.47543003	8.195898639	8.732388881	BRCA
Instance6	10.31037169	9.875964751	10.44344636	6.499332184	10.92233559	9.599160216	6.361510132	6.4132325025	10.75975321	6.249071368	10.9376315	8.645353223	5.738505243	7.686957644	8.85686059575	5.527329405	6.922969386	9.01498366	8.590482648	10.07813116	11.63953303	10.20626383	6.00430999675	9.9366689445	9.72642302	8.0884774495	8.769772669	BRCA
Instance7	10.67974863	11.62683849	13.06629278	5.895672973	12.15346979	11.33246195	6.933398915	6.5872881545	10.0173308	5.455665247	10.97255645	8.838495753	6.973327498	8.661565351	8.88063195375	6.082580853	6.719438847	9.547121611	7.92873725133	7.728874776	11.94707994	8.931979298	5.31781740375	9.310331427	9.822443813	7.0980443305	8.357575234	BRCA
Instance8	11.18055585	11.02111204	10.3940878	6.573196985	12.42339047	11.33541843	5.975453214	6.169888467	10.17798975	6.616552979	10.549732	7.900747773	7.098982487	8.961436038	9.45367708375	5.520745364	6.479895483	9.825825817	8.33785800367	9.579754867	11.36417449	9.659501442	6.4364185585	9.9425822725	9.751904322	8.2150115435	8.78938784	Control
Instance9	11.62550351	11.34089896	10.65887222	7.327824597	12.19349773	11.31701417	6.260971855	6.350290065	10.24019539	5.982201443	10.99419451	8.755431019	6.517673816	8.771812245	9.7162674425	5.082799703	7.1126508515	10.15470456	7.93997874133	9.777995431	11.48468963	9.969027107	6.10800944	9.5458512545	9.751444107	8.2231503775	8.620110863	BRCA
Instance10	11.31223081	11.14633337	11.44205205	6.996504912	12.31595909	11.64258438	6.154418781	6.2036937575	10.10676612	5.442621133	11.17080781	8.379801934	6.645878602	9.146391192	9.004615212	5.287630431	7.07342704	9.154553037	7.448378636	8.832954179	12.0199261	9.532570767	5.652080806	9.4451757265	10.12301596	8.1149854775	8.305344864	BRCA
Instance11	11.4744083	11.13855038	10.58194931	7.173305173	12.18094263	11.42772678	6.402078871	5.8030248085	10.65722043	6.80361816	11.23824666	9.204131621	6.755291951	9.66947024	9.53272454825	5.171538364	6.858718118	9.6014742	6.49976480333	9.486624446	11.4243108	9.720120732	5.37892543225	9.636870305	10.34768534	8.174296834	7.676452764	BRCA
Instance12	11.48188533	11.28537059	10.27665401	7.443588263	12.08367055	11.28199972	6.104971499	6.369285011	10.16944939	5.84925574	11.01404508	7.815256994	6.326074949	8.91062109	9.072729628	5.37574431	6.7861813475	9.65659519	7.895663993	9.811543731	11.55629063	9.578863787	6.046814128	9.355641581	9.399502844	8.4740299995	8.933248873	Control
Instance13	11.16768802	10.97608812	10.56803712	7.108370574	12.19128143	11.15088665	6.382499203	5.9373607545	10.08514084	6.223234887	10.99419451	8.343586732	6.547978484	9.180550154	9.11294515975	4.988697465	6.421656707	9.597587563	7.77843482767	9.493665908	11.66558698	9.601752743	5.93582680525	9.6358129485	9.933941823	8.5940360615	8.832795987	Control
Instance14	11.36217961	11.73219511	11.60457421	5.771628945	12.38074251	11.33051934	6.185178351	6.017465398	10.93024227	6.269973458	10.93533103	9.167193021	6.114268757	9.410849402	9.4284456575	5.292792099	5.456076664	9.617614907	7.36587860467	9.214775128	12.19128143	9.330368553	6.32060603225	9.9907375325	10.39216207	7.1655308455	8.194979796	BRCA
Instance15	10.87659774	11.25995523	10.257176	5.902683368	11.50362218	10.16197619	6.723562401	6.6537276915	11.10864878	6.733968186	11.31701417	9.101470918	6.092128797	8.426475613	9.113299431	4.788047896	5.544020716	10.07000053	7.46873679533	9.426286314	11.14770754	9.259561518	6.17112059	9.683055312	10.23091542	7.126664761	8.73696091	BRCA
Instance16	11.53262879	11.67585684	11.15959405	6.196042028	12.54548466	11.68597092	6.764676316	6.523928337	10.88769302	6.597386379	11.17866503	9.228344402	6.016480301	9.227195422	9.37510267	5.258529523	5.44209646	10.12919321	6.82128937267	9.136613813	11.96009799	9.374426115	6.36691188375	10.0054039915	10.54330281	7.207971487	8.461204311	BRCA
Instance17	11.56134298	11.58990637	11.68668229	6.101719008	12.57220763	11.74803988	7.461215696	5.8055340835	10.61346285	6.351827612	11.03194774	9.230129219	6.083857569	9.319763063	9.588689033	5.533727829	5.5223939415	10.19591385	7.21432997467	9.151492997	12.44988381	9.560027603	6.287589147	10.266338858	10.42417183	7.3753302775	8.260097569	BRCA
Instance18	11.72083647	11.66436963	11.12792359	5.913853554	12.69228318	11.77806492	6.773307786	5.981776373	10.55979796	6.257393146	11.03275882	9.21184032	6.67359573	9.38991153	9.60802330525	5.358089615	5.5364636575	10.21780056	7.189610274	9.14242692	11.89363345	9.353875227	6.36645439	10.1308165865	10.32995358	7.5514060975	8.26545228	BRCA
Instance19	11.67615115	11.62683849	11.86027624	5.669530862	12.51339458	11.8267889	6.977855527	5.656621585	10.83660293	6.429620671	10.98412667	8.758440706	6.104132849	9.598481115	9.91743211175	5.286429541	5.15457292	10.13564553	7.41929702967	9.583727381	12.2142175	9.517335308	6.44908452625	10.185310385	10.54869216	7.2303432025	8.169525606	BRCA
Instance20	11.40065415	11.67585684	8.971091653	5.781235931	12.94317143	7.91898414	6.337002435	6.245720279	10.83158062	5.706262025	10.78613914	9.785984134	7.371212794	9.391867114	9.92985813225	5.052688948	5.321608753	8.777182254	7.05964141433	9.797410704	12.06768485	9.443980125	5.64632745025	10.509973745	10.32910148	7.3442798615	8.512346531	BRCA
