ID	3706	3707	8517	4796	5256	3708	5163	3709	1605	156	57191	5308	3710	2776	23646	207	208	5291	10000	5337	5338	4791	4790	4793	4792	4795	4794	DependentVariable
Instance1	5.817758343	10.2343328	10.2072374	5.201056716	10.76657469	10.99802289	7.374389909	9.844635599	11.37070935	4.673577309	5.468103682	5.746189633	11.35799469	9.668318219	8.151071889	9.746089281	7.466690585	7.339184439	6.02664600925	8.517296488	8.102817052	6.613275006	12.34771002	6.709066159	15.00532806	6.192791506	6.748330821	Control
Instance2	5.309804873	9.714503602	10.39985497	5.648473532	11.09418346	10.75503384	6.82117167	9.525335383	11.95147243	4.771900633	5.652207716	5.28956229125	12.08864757	8.930930318	7.84259257667	9.68028616833	6.43012268	6.741201091	5.94776533325	8.822380524	8.723286465	6.847355026	12.34109771	6.373840507	13.91249272	6.22776574	7.391761545	BRCA
Instance3	5.379561399	9.488011381	10.04121461	6.234487549	11.09221886	11.137683	6.742616386	10.74066222	12.10871075	4.95444207	6.034750138	5.53171569775	12.01135666	9.213384421	8.13076223967	9.69256516467	6.416760061	6.813047234	5.52044016575	8.8794769	9.112766015	6.882157689	12.51631937	6.74855168667	14.51605303	6.053334703	7.403653582	BRCA
Instance4	5.59291388	9.831893516	10.50969117	6.056697995	11.67358746	10.00164081	7.875812501	9.439182162	12.23392978	5.182703468	5.129088497	5.2600632335	11.97218475	7.435526765	7.91141483367	9.98949733167	5.863140121	6.506054132	5.58777326775	9.316802576	9.088311981	7.43686989633	12.26985874	6.91424652367	14.35403309	6.605705905	8.142746712	Control
Instance5	5.283839608	9.455944203	9.78258103	5.699476154	10.82382918	10.864964	7.242581369	9.689574849	11.96551025	4.778486368	5.599028548	5.3791823495	11.58766984	9.924501194	8.05132914867	9.506100771	6.860966288	6.944393257	5.87271996825	8.026649483	8.873068105	6.867992672	12.37603319	6.52162721267	13.73047547	6.823052312	7.427105645	BRCA
Instance6	5.694818396	9.831165155	10.54285319	6.068676855	10.7998525	11.45443311	6.583726382	9.814991395	11.84561169	4.950248224	6.146803484	5.613667902	12.06588572	10.54993411	8.66312416833	9.688092646	7.477052175	7.80732453	6.0241266485	8.511892099	8.949827531	6.82836121733	12.87483063	6.160625593	13.77694807	6.248027763	7.759191003	BRCA
Instance7	5.771893004	9.464617794	10.10111594	5.654644083	11.81348272	9.557684409	8.139859715	7.511675823	12.01701203	4.95444207	5.55659131	5.22611515975	12.23463043	7.39744174	8.26149413933	10.0480993307	6.742953157	5.996847001	5.88751933675	8.946870554	8.335882847	7.129972705	12.52075501	6.344653246	15.02279519	6.003271234	7.435068318	BRCA
Instance8	6.04385369	9.582283668	10.4077487	6.220915761	10.20523766	10.66388964	7.255408968	9.583290187	11.17361954	4.584732512	5.716175548	5.444090161	11.37383049	9.665460782	8.73926121467	9.436876068	6.689303092	7.162847292	5.55851851825	8.972320105	8.236828767	6.370347138	12.20475003	6.20271008933	14.22362506	6.744434014	6.971661738	Control
Instance9	5.688817657	9.544781489	9.861979055	5.950124992	10.58546987	10.78521972	7.076765168	10.67301333	12.04072818	4.931459981	5.624986401	5.386029074	11.74966846	9.303998235	8.30760287133	9.58057105933	6.500527718	7.428655643	5.650041658	8.25505351	8.587722324	7.15645079333	12.42766909	6.496869675	14.37348409	6.729828466	7.718706032	BRCA
Instance10	5.508516797	10.08234238	10.22738163	5.825538406	11.29816872	11.44285036	6.954839344	9.67905828	11.58294888	4.067773563	5.185877691	5.6711398605	11.77144213	8.352640608	8.31241618833	9.75364579767	6.827314517	6.850940421	5.56331123875	8.468869519	8.349370945	6.83844174133	12.09766027	6.537366551	13.54172225	6.427443278	7.388170429	BRCA
Instance11	5.279388878	10.00748325	10.6073352	5.97637008	10.41875948	9.330368553	6.732001603	8.417642766	11.33767223	4.987561048	5.628781795	5.64485219675	11.5968724	6.808774778	8.09839563133	9.592833039	5.479142629	6.80536058	5.4786784915	9.35965136	8.976865608	7.168375022	12.2590489	6.53208433767	13.43573605	7.217330395	7.827931929	BRCA
Instance12	5.545359333	9.471543702	10.68519142	5.839462851	10.73333763	10.4353997	7.247265632	9.772677934	11.43475867	5.529517425	6.246603446	5.463018786	11.78113439	9.546605663	8.324634861	9.66262953467	6.97372929	7.215390118	5.7708818765	8.862560746	8.287990648	6.57488857867	12.38541089	6.30944562733	14.39776555	6.305519722	7.419372713	Control
Instance13	4.880699299	9.730436649	10.55664043	5.864874046	10.95861817	10.86238187	6.836053906	9.630713575	11.66148208	4.913979924	5.473633714	5.562381639	11.47029296	9.998851701	8.414281451	9.935713008	7.400262798	7.548207573	5.8854976	8.559712748	8.529255941	6.82571524133	12.24889125	6.83411040533	14.10537413	6.29655434	7.177023614	Control
Instance14	5.784773056	10.69117233	10.78787423	6.088105148	10.91699926	11.40394419	6.667222002	9.432772131	11.9128857	5.139972076	5.254944744	5.68802750875	12.30526243	9.061277435	8.35728929233	10.2127518167	6.998819226	8.158055634	5.6707063705	9.181625078	9.137978063	7.207652156	12.29388695	7.043476808	14.13459319	6.944100378	7.056315612	BRCA
Instance15	6.68067994	9.809000815	10.64411791	6.150209952	10.52730133	10.55627639	6.746786795	10.64514978	12.34260121	5.133205159	6.211893768	5.8392476045	12.12065594	9.803614982	8.11975201167	10.3303371883	6.457877938	8.167858571	5.6644220515	9.677900683	8.625965515	6.73005362833	12.41257918	6.31386063533	13.98232431	6.85901018	7.130496238	BRCA
Instance16	6.405912077	9.948696154	10.70804518	6.026197658	10.74637599	11.43117909	6.702522925	10.02677279	12.20475003	4.762629799	5.511128997	5.3248844975	11.98934847	8.90929393	7.90427082367	10.0295226957	6.272541727	7.631688412	5.4935537865	9.203752442	9.170414035	6.90677295333	12.40655986	6.96648824367	13.70909946	7.123296633	7.502615284	BRCA
Instance17	5.86431694	10.16746241	10.68956587	5.65478727	10.7538521	11.63501532	6.709639152	10.62223972	12.29067992	4.657378453	5.998653184	5.3208293635	11.82192354	8.5896522	8.520181704	10.1231177773	7.39763426	8.19969826	5.65532370625	8.916223677	9.258413586	7.382294288	12.32574401	6.88625381767	13.58466312	7.233142993	7.244818397	BRCA
Instance18	5.549831826	9.854946719	10.59472841	6.037278568	10.41061594	10.51995589	6.817882628	10.68629503	12.17175704	4.903774919	5.191218407	5.76908530825	11.43832419	8.886520521	8.04074576533	10.182290716	6.554209422	7.6455704	5.5028216445	9.373311685	9.003209471	7.144249486	12.39966386	7.059851597	13.75810714	7.187651778	7.758041825	BRCA
Instance19	5.556131441	10.07805442	10.6432567	5.80723335	10.25287861	10.92093732	6.508829224	9.595686927	12.49713337	5.460587974	5.770704357	5.362467035	11.71457622	8.45292188	8.51181191767	10.3257906717	7.681310676	8.275287778	5.267785966	8.860614559	9.219919401	6.75150023233	12.00382718	7.14134063733	12.88068749	7.109154518	6.988971848	BRCA
Instance20	6.565182543	10.04563037	10.36475876	6.072862143	10.83615712	10.58930965	7.429032419	10.11297736	12.09425678	4.537176254	5.886130184	5.33919772525	8.747421913	9.284894137	8.71587468733	10.2867156497	5.687628504	7.498233163	5.47877633725	9.440475292	9.795618068	5.51821901167	12.05629403	6.82896955467	10.54750216	8.16176316	7.975462708	BRCA
