ID	783	784	112	111	2788	2787	59345	2784	2783	2786	2785	152	2770	2790	2771	2791	150	2792	2793	54331	55970	3630	94235	776	775	10681	9254	2775	2782	51764	DependentVariable
Instance1	5.3368584114	9.864136271	10.327292123	6.614529956	8.735353884	8.440434347	7.4230773135	5.893611729	8.698011038	5.516024013	5.692518737	5.802224334	7.1915641815	9.885094283	11.95442182	12.98372673	9.182165345	5.028139516	6.38362276	9.177283189	10.1038422	5.169936271	5.641987591	5.857677033	7.11619091	6.888464479	6.4084029945	5.32399731333	13.02719506	5.232287804	Control
Instance2	5.5997153768	10.03404273	10.2384186075	5.841225451	9.217703977	8.487841164	8.3643319965	6.113748025	8.720142595	5.853378958	5.195063332	5.920184986	6.0573658185	8.481901451	11.95691889	12.07225833	8.701446067	5.682862067	6.120295558	7.381134364	9.681370693	5.773212576	5.277995204	6.190817922	6.780445033	7.24025073833	6.3285160135	5.80333317067	13.00956452	5.31868854	BRCA
Instance3	5.5487285326	10.64948099	9.769915947	6.323194968	10.16381668	8.83146649	7.196995946	6.074361597	8.686203838	5.92077637	5.30807618	5.657931073	5.457103785	8.913937397	11.84327345	10.57663577	6.998762823	4.963487128	6.323194968	6.36768175	9.362086899	5.870864797	5.72110688	6.360369215	6.671085011	6.84021840933	6.69622707	5.697396068	12.9979954	5.206732344	BRCA
Instance4	5.542221699	10.47438056	10.3820872935	6.331145921	10.21758854	8.646667718	6.7231615275	5.455665247	9.066695429	5.504788206	5.693773551	5.4051304905	5.725019338	6.563810693	11.56304622	9.832676886	8.31440325	5.29683478	6.198794315	4.851263383	7.986995525	5.793122872	5.842043069	6.966479856	6.621982704	6.610917172	6.642795088	5.12699757367	13.11510467	4.790526167	Control
Instance5	5.3915724186	9.820243246	9.671974648	5.680472929	9.669660678	9.506942805	9.010303599	5.954086504	8.97289446	5.228252321	5.349976695	5.352728787	6.8901006515	9.337042659	12.12850358	11.68740205	8.040674833	5.536217098	6.63172683	7.573687183	9.546605663	5.536217098	5.615159695	6.091970181	6.262194115	6.84786461333	6.5955976525	5.43099958733	12.87743566	4.850263431	BRCA
Instance6	5.1447686846	9.840207941	9.753034207	6.872247394	9.433805075	8.217135121	7.9243325035	6.143337929	8.838889641	5.268482349	6.086619917	5.875564499	6.5536864175	9.258413586	11.63993091	11.15310882	8.290457955	5.717272857	6.186714102	8.547261958	11.06412655	5.73607124	5.093825554	5.840847932	6.244178877	6.695170111	6.3549356545	5.06825095367	12.98372673	5.178725843	BRCA
Instance7	5.2238573746	10.87936138	9.1297731835	5.057462456	9.675551824	8.678425073	8.7523926965	5.821334729	7.985772397	5.66903474	5.86196234	5.335488925	5.366277458	6.875906358	11.48011881	10.10831572	6.545663883	5.442621133	7.026996771	6.049582442	9.132211242	5.705709271	5.486079796	7.11691865	6.679695168	7.252915346	7.0119988995	5.72716198833	12.64120964	4.959319531	BRCA
Instance8	5.5835800438	10.26782285	9.643814388	6.091811548	8.751335778	9.414337005	7.0132000305	6.338875075	8.510330132	5.967463325	5.380600673	5.4765994725	6.2928801065	10.49178825	11.95442182	12.76004735	8.824028821	5.865554662	6.403016818	8.11035427	10.18190731	5.451879748	5.42266296	6.444274162	6.842353879	6.439102376	6.497368881	5.32302536333	12.98945487	5.229406468	Control
Instance9	5.4135094614	10.02337358	9.557649091	6.099511534	9.919504381	8.843419494	7.2793614545	6.092128797	9.04011237	5.496742949	5.789736585	5.7251272775	6.2675959045	9.495266002	11.46383867	11.3442156	7.822253937	5.659076304	5.886008211	6.738839176	9.085353696	5.541182786	5.104977394	6.015254046	6.535201976	6.907508702	6.4613233895	5.793978829	12.96993872	5.411944154	BRCA
Instance10	5.3116906826	10.02260748	10.0619138165	6.072647808	9.681765982	8.872952717	7.9356885615	6.563963185	8.934008606	5.619861398	6.135253322	5.577341862	6.489380715	8.717951507	11.67867508	11.6604752	8.76269025	4.958159726	6.083910741	7.211063618	8.350852048	5.233822166	5.034976365	6.271748387	6.666902575	6.995387545	7.036744875	5.527496062	13.02126635	4.607083101	BRCA
Instance11	5.4830637994	9.95258151	10.29987056	6.551751032	9.226485123	8.442664802	7.5026355755	6.530878866	9.350724377	6.298205225	5.346435058	5.6008039495	6.097670028	8.286304921	11.98415862	12.94317143	8.197955209	5.704879743	5.994246645	7.365471921	7.23239964	6.062214149	5.091711732	5.911818141	7.242319362	6.97244898767	6.73726371	5.31994319167	13.00161496	5.452703528	BRCA
Instance12	5.400048107	9.534634151	9.8796694575	5.868767777	9.260367468	9.163298157	7.2400353085	6.225261069	8.378404463	6.055397005	5.478819157	6.083677801	6.6687748565	9.92562903	12.06588572	12.82636383	9.426946689	5.291135005	6.187456621	8.135274649	10.07238089	5.773212576	5.551986008	6.174282191	6.719187291	6.389883566	6.720982581	5.67424901833	13.04989878	5.285412622	Control
Instance13	5.4895095526	9.85743721	10.337719898	6.993564335	8.825389039	9.04801075	7.055096439	6.362562487	8.616586634	5.650485447	5.550447635	6.063143518	7.184102984	10.33248729	12.19850959	13.11366653	9.479103779	5.465820435	6.122264392	8.384871286	10.16363116	5.252865266	5.238988625	6.073504957	6.816699294	6.757115983	6.656801085	5.34585836067	13.26893746	5.293711886	Control
Instance14	4.9999847526	10.43232295	10.5431463085	6.859476161	10.09517319	9.210939846	5.9799251475	6.798118982	9.333972157	6.389270486	5.149758548	5.9105883185	5.4787995935	10.07411507	12.44264168	11.61680165	9.037369266	5.973617732	6.768981971	6.997860083	9.560920839	5.69544494	5.827953159	6.152087694	7.919550328	6.61616787567	7.2318600375	5.51542661367	13.29995283	5.119782831	BRCA
Instance15	5.6758523128	11.10294695	10.581626049	6.528184984	9.531343017	7.763878152	6.9163256205	7.068028862	8.807251164	5.614423668	6.121642945	5.514672098	6.159811817	10.34356359	11.06323009	11.8968755	8.20821134	6.049636893	5.93841004	9.073024297	9.949207023	5.133205159	5.706262025	6.347670638	7.855929176	6.60558999133	7.0536974955	5.42576550867	13.17700839	5.44062939	BRCA
Instance16	5.1905305272	10.87189776	9.8093092945	6.908335947	10.26174268	8.979483163	6.976093136	6.86950478	9.157436075	6.663917843	5.995773509	5.4541574915	5.6032236615	9.641921287	12.03914706	11.32190853	8.240709209	5.732683853	6.655642073	6.821203566	8.788074828	5.247843274	5.641409649	6.201051201	7.990970633	6.784302337	7.267085085	5.90680015067	13.33363132	5.110625549	BRCA
Instance17	5.3093301262	10.65288555	10.2967908845	6.506728574	9.81791145	9.24482828	5.6412905805	7.120059311	9.539954171	6.132685436	5.836183727	5.243644092	5.6081323905	9.90199107	12.10567621	11.52829551	8.637042439	5.542111953	6.354827336	6.808678261	8.870851027	5.034316149	5.59381033	6.166118507	7.396478754	6.51405773367	7.8094315885	5.72491249667	13.36856584	5.023045997	BRCA
Instance18	5.3768774524	10.70804518	10.2833042595	6.567237875	10.64035818	9.252961701	6.3980360365	6.63161771	9.306620611	6.202227307	5.527642182	5.639862964	5.800661023	10.08386525	11.80901857	11.49170796	8.539760899	5.655216748	6.385522173	8.086854242	8.673027334	5.636777762	6.083006551	6.202227307	7.439417699	6.433898499	7.384987189	5.747383259	13.36355512	5.24660879	BRCA
Instance19	5.4951223922	10.60610469	10.2474442945	6.427820369	10.08672709	9.485326755	5.8819921345	7.036891003	9.583727381	6.371171674	5.981059894	5.389578412	5.52926424	10.49650957	12.54827894	11.7674087	8.224798947	6.118635505	6.586919049	7.432878264	9.538005127	5.780317481	5.938762876	6.027691096	7.662634777	6.36224381667	7.2886743795	5.37597226133	13.29267684	4.808142121	BRCA
Instance20	5.562561557	11.08626249	10.35590611	7.081832585	8.329326713	9.799800123	5.8308617525	6.360983667	9.930146364	5.59724157	5.052688948	6.17752377	5.47662364	7.075401932	12.35457868	12.75033439	9.74789133	5.537615426	5.687628504	6.412997934	9.576399845	5.123512303	6.034420016	6.684051207	7.26692969	6.073822667	6.83043649	5.51468784233	13.38150649	5.077041333	BRCA
