ID	5717	5718	5719	5682	5710	5711	9861	5686	5713	5685	5714	5684	5715	5716	5683	9491	10197	5699	5698	5708	5709	5706	5707	5691	5704	10213	5690	5705	5702	5693	4193	5720	5692	5721	5700	5695	7314	5701	5694	7157	5696	5687	5688	5689	64326	472	DependentVariable
Instance1	7.502913581	7.6478096268	7.1263324395	8.68690091133	9.99408498	9.139564862	10.66538909	11.45443311	11.29559693	10.773474255	11.16207045	9.0509661315	8.474680533	9.08037601133	8.849890707	8.2518409835	9.5130720155	12.26010515	7.8586641855	10.88129775	8.320869495	8.2415367635	10.75119697	12.5173582	9.52802259133	9.389707223	12.00076422	10.76621026	11.29749826	11.63501532	5.4774530015	9.3046709605	12.3793121	10.57043948	13.19976669	12.69883927	14.001314075	11.75625619	12.8865864	8.333402628	8.79769619475	12.01088989	6.854560258	13.16916718	8.911967117	7.15912118675	Control
Instance2	7.829676956	7.6935621724	7.061510218	8.564460088	9.75457026633	8.317719126	10.285160686	11.70800194	11.49325267	10.448362625	10.64810838	8.663920189	7.798165773	8.49440965167	8.687945234	8.6470158575	9.4460828095	12.49390804	8.003615916	10.53048708	8.224437221	7.999641059	10.11183374	12.82483353	8.66293534567	8.918073954	11.8759414	11.05745385	11.41436827	11.39179686	5.63969746625	9.371998932	12.13981521	10.25218676	13.22888561	12.80741335	13.81882705	11.4706641	12.81758135	8.508984299	8.9447929715	12.096668015	6.785227259	13.26600764	9.11655921633	7.09089637525	BRCA
Instance3	7.058590127	7.6312576694	7.367369481	8.90620358967	10.049331671	8.895644291	10.525857853	11.79340834	11.34727825	10.50004144	10.9447818	8.7410247875	8.203655262	8.73865177933	9.15137249	8.6963432705	10.021838884	12.68497545	7.9306158695	10.68183161	8.504323566	8.1305872305	9.852580664	12.78740681	9.13019918967	8.923536316	12.08449626	10.82365605	11.41436827	11.56454026	5.8602843415	9.657715067	12.29328779	10.74375964	13.26600764	13.11183912	13.884698385	11.44340995	12.81545941	9.660905593	9.05267110725	12.02999728	6.345720697	13.02126635	9.076053647	7.165383526	BRCA
Instance4	7.779327238	7.8421414368	7.3093172695	8.06062747867	9.861676143	8.699078855	9.7075407315	12.05836733	11.25835125	10.45335816	10.95004389	8.2768542615	7.961624956	7.931835366	9.228182036	8.687436261	9.9727633615	12.81400365	7.136446259	10.97310559	8.773914859	7.5951142215	10.1206141	12.79764436	6.501491522	9.204339515	11.77387079	11.3345919	11.84795592	11.41998139	5.5016593965	9.7106639285	12.28120423	10.40029272	13.52332736	12.80568549	13.10949585	11.21903252	13.13613647	8.338826757	8.8475481605	11.55921065	5.846751073	13.30543127	9.22604407833	6.962212015	Control
Instance5	8.209881145	7.9014979902	7.0417430505	8.484101233	9.89827133933	8.485629214	10.5959512115	11.70232867	11.22756798	10.78654813	10.76553912	9.400933638	7.495377629	8.806992301	9.234303192	8.7242702675	9.670002224	12.58797677	8.101565847	10.89071479	8.821105186	8.129256569	9.671351374	12.83066776	8.92179205133	9.125523977	11.8407859	11.59208337	11.30008097	11.45657274	5.80954885825	9.527273459	12.07828769	10.51648826	13.05669872	13.06098469	13.92393915	11.83572685	12.99332148	9.701150974	9.56101011525	12.108842315	6.117700885	13.09561052	9.10345924067	7.2431584955	BRCA
Instance6	7.178518271	7.7061769544	6.9303711535	8.26577764633	9.731642715	8.698601474	10.848082905	11.41892796	11.64123906	10.42774834	10.52858624	8.8631824515	7.914237304	8.989253179	9.000521984	8.4071374385	9.9087425115	11.77234975	7.2109038415	11.24345683	8.70989467	8.3982787515	9.965402326	12.17902899	9.583846924	8.95814749	11.19443078	10.94250372	11.24631027	10.96486087	5.889292139	9.187016555	11.73846187	9.789085739	13.24583793	12.48456748	13.72048402	11.8734596	12.26689494	8.868576523	8.584152548	12.005052055	6.573651447	12.5801856	9.270363986	7.08122523275	BRCA
Instance7	8.323506447	7.875467798	6.686317724	7.627110972	8.73350074767	8.039907589	8.8728375605	11.62934992	10.82348291	10.644018325	10.5206165	7.3785163565	7.950470054	7.89073473833	9.48265729	8.4601267675	9.738500574	12.88210333	6.83554656	10.65680049	7.511675823	7.4298346275	9.622015717	13.1007987	6.90693820733	8.944917819	11.15733448	11.56978693	11.96287081	10.89071479	5.78129302475	9.300249878	11.31322333	9.808852038	13.63630348	12.56435203	13.157660585	11.13455645	13.20290364	8.315445233	8.5786057585	11.7354617665	5.765011707	13.15586736	9.25945486167	6.392001616	BRCA
Instance8	7.77748732	7.6144880158	7.234214257	8.898296117	9.853346974	9.248106134	10.79613101	11.64258438	11.40859261	10.769831575	11.11113911	9.1253842295	7.468178286	9.42022077033	9.291090747	8.620017522	9.2760823915	12.21574693	8.2246126895	10.69844447	8.336351598	8.211239684	10.03091577	12.69358176	9.79916599967	9.321866737	12.15122597	11.0497977	11.45279735	11.82808501	5.3501390665	9.5777333365	12.50318977	10.40712464	13.00161496	13.11366653	14.498215135	11.70725139	13.09426251	8.92056956	8.783384793	12.028265245	6.573196985	13.21631242	8.84709218133	7.21389689	Control
Instance9	7.904907218	7.5683183254	7.654837992	8.88636976267	10.185042339	8.543090924	10.937703845	11.79600727	11.32669367	11.171571995	10.87349431	9.5892770755	7.617451165	8.972024704	9.326081763	9.0434887545	9.7701113155	12.7295762	8.2093419145	10.77621939	8.72948575	8.18494516	9.475936612	12.70613234	9.37684093033	9.43457148	12.05268701	11.46641824	11.52775569	12.04345466	5.591806779	9.713952053	12.32769025	11.33112984	13.12983363	13.2409799	14.242274775	11.69149721	12.64414927	9.680166591	9.38378296975	12.202062635	6.4876838	13.25798962	9.08132747167	7.14878397875	BRCA
Instance10	8.023866778	7.5810767716	7.3863176745	8.19283079433	9.840100938	8.590662948	10.2426533225	11.47931054	11.35860878	10.75364457	11.21306793	8.8337158815	8.383500319	8.73795495033	9.010990369	8.7916525815	9.6858681675	12.50251243	7.317170943	10.99939073	8.330638085	8.0296321255	10.32115896	12.93429355	8.551578614	9.153799716	12.03287579	11.10029786	11.5798723	11.70928645	5.8421495495	9.4034636305	12.25199131	10.61404749	13.33363132	13.04382794	13.80215118	11.50843622	12.97797754	7.766597025	8.625664425	11.91235316	5.980660139	13.283571	8.98324299033	6.89333590125	BRCA
Instance11	7.705910749	7.531306061	8.11485924	8.18064090833	10.334183228	8.449521268	10.577858394	11.8759414	11.40579844	11.046464365	11.11880178	9.4774367275	7.723969969	8.28615040767	9.242120816	8.556797319	9.590603746	12.78963253	7.916556046	11.39453251	9.223954101	8.0982242125	10.69342622	13.12486126	8.97602061	9.461459559	12.12322914	11.66819594	12.05268701	11.92020965	5.125223824	10.00021257	12.67639685	11.21259383	13.33363132	13.41920247	14.083072915	11.87114877	13.04382794	8.06060289	9.25143050475	11.9258899	6.615670554	13.37355718	8.97424272367	7.27735742025	BRCA
Instance12	7.292669322	7.6724419354	7.2086747845	8.88005368833	9.951140842	8.627881407	10.984879545	11.69988051	11.46972335	10.93362771	11.17235267	9.685313076	7.889977115	9.09427385867	8.998534812	8.8019921295	9.630875787	12.35836419	8.0106371615	10.89883964	8.2669635	8.328537455	10.1126777	12.75717127	9.57487227933	9.340262451	11.90740908	11.25407804	11.23443143	11.88081762	5.5617899825	9.521496672	12.32501877	10.83234438	13.13233509	12.99983714	14.491124715	11.80634431	12.91282298	9.069960645	8.9507337465	12.17366339	6.566895523	13.2409799	8.97634119667	7.3263622655	Control
Instance13	7.777684566	7.6721130478	7.338070516	8.880792656	9.852050299	8.923848251	10.736331835	11.27473356	11.4091179	10.770072085	11.40466276	9.488075207	8.335592591	8.72173289	8.571298649	8.5966959745	9.672739215	12.3181333	8.169821621	10.91120492	8.351912203	8.1168607075	10.54158093	12.82346582	9.456908841	9.242734159	12.10354363	10.8264931	11.44205205	11.78564057	5.7278366545	9.3721657175	12.43809276	10.70265129	13.33363132	12.87339418	14.375350355	11.76992885	13.01841933	8.376018051	8.77483141125	11.58132609	6.84768731	13.35753005	9.01684391333	7.01677338075	Control
Instance14	7.454322173	7.4564646934	7.503212916	8.614266504	10.2376439163	9.276660153	10.333964758	11.14309317	11.35629255	10.077107125	11.05474016	8.213074375	8.03524054	9.00997914267	8.292046787	8.8688822105	10.282808745	12.37045183	7.9034055435	11.29922535	8.940387841	7.960534248	11.0443909	12.72020477	9.322948958	8.091145926	11.79600727	10.41271832	11.54053263	11.524772	5.53215868525	9.968680969	12.80254267	11.5968724	13.19318117	12.87039849	14.38538722	11.43412272	12.86518429	8.641980482	8.788515201	11.1392085065	7.183985468	13.17957018	8.39773924967	6.9924584855	BRCA
Instance15	7.252431567	7.5603097212	7.143702287	8.50801697	9.77420149833	9.598322922	9.9233879005	11.01772728	11.23866464	10.29108096	10.7304916	8.0503769725	7.876150279	9.159078751	8.531830892	9.062980137	9.666771214	11.92850738	7.367289616	11.29559693	8.424944257	8.0551081435	10.17550624	12.28120423	9.004298777	8.212011301	11.26201864	10.43684194	11.91738897	11.38801744	5.59239170375	9.463868115	11.92203438	10.74539725	13.36098494	12.6125864	14.256090485	11.43208526	12.36194933	7.522171761	8.44802842625	11.09673553	5.822864756	12.85150121	8.48088391667	7.02110039825	BRCA
Instance16	7.440414751	7.6894287584	7.332220609	8.870571599	10.1945770437	9.400581223	10.325118734	11.54370625	11.11250811	10.244801125	11.1794428	8.260593436	8.181178507	9.17779723033	8.181178507	8.8336966435	10.03856784	12.59087361	7.570979119	11.13429814	8.831276461	8.127320089	10.64225055	12.84191128	8.89299942433	8.383219488	12.04827069	10.38522909	11.75880629	12.03524768	5.290656016	10.138422425	12.98742218	11.40689869	13.25089354	13.10574654	14.371791605	11.35888208	12.9597684	8.151525421	8.6298253915	11.215516436	7.014302633	13.41920247	8.265573467	7.00400791525	BRCA
Instance17	7.505535937	7.2649298594	7.3202222285	8.944399701	10.196065935	9.362470505	10.3559830305	11.28199972	11.19567996	10.031682247	10.95100801	8.1084162645	8.480246059	9.14382359133	8.371668982	8.870272829	10.0152804485	12.07353083	7.910165262	11.15202194	9.203617871	8.2623984705	10.77919838	12.89900003	9.17260576333	8.022646788	11.88149458	9.750766068	11.51681803	11.71972476	5.601343453	9.985059859	12.91025583	11.21935325	13.17478142	13.00770101	14.532993875	11.34861214	13.06490613	8.650083401	8.54955897875	11.2757608715	7.150486375	13.23568448	7.992329374	6.79451584725	BRCA
Instance18	7.656498381	7.6894317488	7.4457350635	8.806744591	10.2603164373	9.630012754	10.421853277	11.55392216	11.51777531	10.359469555	11.18505522	8.317625592	8.085394281	9.109153747	8.591598196	8.81904828	10.19683679	12.41466417	8.501987071	11.1794428	8.741956615	8.2782737305	10.63522863	13.1007987	8.92405041767	8.509835486	12.14106624	10.31271881	11.90133466	12.24753009	5.51402988	9.932881007	12.76637057	11.61805062	13.34505663	13.34320241	14.528822965	11.63567744	13.35514394	8.873068105	8.913108555	11.3260081805	6.878146348	13.36856584	8.48303661867	6.9124972055	BRCA
Instance19	7.566208434	7.3888732006	7.349538107	8.95256539667	10.3938326523	9.077110201	10.54491829	11.30388933	11.61752958	10.11792223	10.87818911	8.308170906	7.830675431	9.19832628067	8.520521573	8.8903112945	10.22396564	11.93257475	7.643972117	11.34028702	9.149125411	8.184550345	10.82382918	12.86051578	9.66285448533	8.244412747	11.82101269	9.958574872	11.48849306	12.26795863	5.597352566	9.7076462655	12.88385376	11.45443311	13.13233509	13.25089354	14.343984755	11.60772112	13.08056861	9.477151683	8.3669006075	11.399220835	6.95239509	13.21954598	8.32405877367	6.99788344375	BRCA
Instance20	8.081351779	7.204767331	8.07120391	8.68873067867	9.88560113	10.15739466	8.4163495475	11.4763312	11.90579323	9.5161275375	11.89968368	7.80319951	8.667644801	9.038342853	7.915522581	8.157832757	9.204907435	10.47506236	8.2761462235	11.49398064	9.371014877	7.061064784	10.62937509	13.00161496	8.796986519	8.671807401	12.45159499	6.600325977	12.20190804	11.19346855	5.2990189695	10.046635579	12.52245777	11.5343468	13.83149977	10.61739655	14.572620915	10.79459886	10.15177801	7.632470217	8.68547243025	9.5418326785	8.340140655	12.68048706	7.881944064	6.815099268	BRCA
