ID	5436	56949	5437	4331	5435	5438	5439	2072	2071	2074	2073	57804	2068	5984	5985	6117	5887	5440	1643	6119	10714	5111	6118	1642	5441	5427	2067	5424	5425	5426	5981	5983	5982	7508	7507	2966	2965	1022	3978	6917	5431	5430	5433	5432	1161	2968	902	2967	DependentVariable
Instance1	11.06244102	10.22941402	10.33896506	6.69676284	12.07353083	11.03306523	7.484019523	6.3552688025	10.0776573	6.023427942	10.8503707	8.824450546	8.220113618	8.8069355085	7.105454747	10.83471386	9.849237412	6.365977347	6.645049976	10.66108355	7.2083497295	7.30666968733	11.61752958	9.28863507075	9.950818724	7.168850407	9.188663982	7.558728975	12.66507944	7.905163024	8.7287213215	6.65416022267	6.4996565905	11.01901053	6.002877587	5.474931823	6.107234293	9.361681261	8.306085763	7.69516215867	9.502643438	11.4871292	9.588630847	9.734545643	5.98923741275	10.43957668	8.45525079	8.439499644	Control
Instance2	11.20928598	11.47305897	11.03103278	7.086882265	12.14356347	11.31379869	6.750074255	6.408355982	10.50841903	5.469081112	11.24175993	8.865378449	8.497094498	8.3511951665	7.5130075585	10.800436875	9.747668991	6.504704302	6.494940064	10.48441034	7.3078710955	7.18042006333	11.88379655	9.382637282	8.536044277	7.041826475	8.87572558875	7.88603356	12.99332148	7.56639873	8.46553658	6.803627506	6.4959528655	11.56978693	6.374174967	5.210049084	6.586162299	9.155780297	9.214775128	7.36046158267	9.076489033	11.94573106	9.975440003	9.498501844	5.671599723	9.94572954	7.832012647	8.965352223	BRCA
Instance3	11.27344029	11.36143133	11.02625388	6.839081327	12.38193096	11.43055462	6.90941648	6.4049587985	10.71269919	5.7913656	11.18453773	8.72987657	8.892012333	9.396101263	7.613135391	11.330452225	9.348673457	6.401780305	6.857020303	10.72737618	7.33191487	7.63223048933	12.02968073	9.370427593	8.618450775	8.010949209	9.4100312975	8.575114814	13.23568448	8.099283532	8.908217113	7.26523884267	7.0004963375	11.5269639	5.770175754	5.664561948	6.582656103	9.394656215	9.862320087	7.362647587	9.480992671	11.65775177	9.936402792	9.55547611	5.76207503975	10.27514127	7.667131787	8.580466923	BRCA
Instance4	11.08706186	12.36769602	11.73846187	7.265055029	12.34948589	11.62261253	7.827852559	5.8412655795	10.43052602	6.424087011	10.98412667	9.24062507	8.85164062	8.859174667	7.7690752125	11.057611095	9.261261134	6.648325671	6.866076894	10.83441597	6.472480484	6.55166353833	12.38193096	9.1882839575	8.674016666	7.627900667	9.282287986	9.123553123	13.52549699	8.251862414	8.594608411	6.47039307033	6.4544177505	11.43596985	5.171138007	6.002540089	6.970019164	9.99050151	9.825110289	6.74089657333	8.607368346	11.94385185	9.42569906	9.5760667495	5.44909299075	10.44466839	7.517316273	7.704562712	Control
Instance5	11.3442156	11.45168263	10.79386361	6.867961695	12.13760287	11.5269639	6.693630261	6.0308847905	9.889641277	5.607338636	11.05169516	8.91062109	8.312657375	8.74540583	7.403741513	10.93374845	10.17351822	6.908516092	6.134329409	10.45090222	7.2216641085	7.35432909133	11.96009799	9.2360283925	7.919118257	7.098298285	9.282575993	7.821010387	12.73729283	7.31664612	8.8095545205	7.072920173	7.0312218105	11.57537865	6.117700885	5.206341637	7.045217151	9.627078354	8.767556421	7.74437634867	9.566592153	11.82274022	9.787507202	9.5036457565	5.729943951	9.47543003	8.195898639	8.732388881	BRCA
Instance6	10.31037169	10.44344636	9.875964751	6.499332184	10.92233559	9.599160216	6.361510132	6.4132325025	10.75975321	6.249071368	10.9376315	7.992656742	8.645353223	9.358156732	7.0064152045	11.641461875	10.45470056	5.738505243	6.41193939	9.132050545	7.523174648	7.408697217	11.54965727	9.695129357	7.686957644	7.395150919	8.85686059575	8.467973436	12.65702034	8.336909437	8.81729114	7.68158217733	7.138537016	11.88081762	6.020708453	5.527329405	6.922969386	9.01498366	9.430484502	8.590482648	10.07813116	11.63953303	10.20626383	9.9366689445	6.00430999675	9.72642302	8.0884774495	8.769772669	BRCA
Instance7	10.67974863	13.06629278	11.62683849	5.895672973	12.15346979	11.33246195	6.933398915	6.5872881545	10.0173308	5.455665247	10.97255645	9.121676695	8.838495753	7.4871109445	7.0904318015	10.3458464955	9.250826081	6.973327498	5.460260315	10.38702135	6.6588492955	6.44602920733	12.52245777	9.70044005225	8.661565351	6.452575359	8.88063195375	8.346005182	13.63244094	7.690279365	7.738491062	6.54805513767	6.220650197	11.49170796	5.751283781	6.082580853	6.719438847	9.547121611	8.95908991	7.92873725133	7.728874776	11.94707994	8.931979298	9.310331427	5.31781740375	9.822443813	7.0980443305	8.357575234	BRCA
Instance8	11.18055585	10.3940878	11.02111204	6.573196985	12.42339047	11.33541843	5.975453214	6.169888467	10.17798975	6.616552979	10.549732	9.20124246	7.900747773	9.1247667975	7.5927585855	11.06229666	8.938213094	7.098982487	6.299625309	10.88785292	7.325273656	8.02092389867	11.90810746	9.079293666	8.961436038	6.995289824	9.45367708375	7.539955806	12.59766508	7.956610113	8.303306849	6.93605146533	6.9810465865	11.16600002	5.551370856	5.520745364	6.479895483	9.825825817	9.111501597	8.33785800367	9.579754867	11.36417449	9.659501442	9.9425822725	6.4364185585	9.751904322	8.2150115435	8.78938784	Control
Instance9	11.62550351	10.65887222	11.34089896	7.327824597	12.19349773	11.31701417	6.260971855	6.350290065	10.24019539	5.982201443	10.99419451	8.811664588	8.755431019	9.70168359	7.7796863265	11.49735519	9.561608303	6.517673816	6.653207393	10.77226531	7.244781381	7.82590120133	11.92126273	9.197656891	8.771812245	7.782983675	9.7162674425	8.608200408	13.17297049	8.048106907	8.9257842175	7.65912161233	7.2222320135	11.07481734	5.835425946	5.082799703	7.1126508515	10.15470456	9.394248914	7.93997874133	9.777995431	11.48468963	9.969027107	9.5458512545	6.10800944	9.751444107	8.2231503775	8.620110863	BRCA
Instance10	11.31223081	11.44205205	11.14633337	6.996504912	12.31595909	11.64258438	6.154418781	6.2036937575	10.10676612	5.442621133	11.17080781	9.25541878	8.379801934	8.509561114	7.4371940695	10.656153568	9.377612436	6.645878602	7.181105347	10.47860813	7.099785483	7.315615812	12.52742331	9.154795135	9.146391192	6.840718531	9.004615212	8.45693048	12.92825655	7.391761545	8.7210455935	6.42676862133	6.8236640905	11.62135377	5.846751073	5.287630431	7.07342704	9.154553037	9.143141549	7.448378636	8.832954179	12.0199261	9.532570767	9.4451757265	5.652080806	10.12301596	8.1149854775	8.305344864	BRCA
Instance11	11.4744083	10.58194931	11.13855038	7.173305173	12.18094263	11.42772678	6.402078871	5.8030248085	10.65722043	6.80361816	11.23824666	9.427680085	9.204131621	8.8655786105	7.2999723835	10.87490854	8.811375597	6.755291951	6.839081327	10.35810202	7.463332523	7.19178534067	12.53830178	8.69978708025	9.66947024	7.713319706	9.53272454825	8.833563055	13.07564465	8.622089465	8.906142604	6.23579617167	7.1596856165	11.48011881	6.411727587	5.171538364	6.858718118	9.6014742	9.309431518	6.49976480333	9.486624446	11.4243108	9.720120732	9.636870305	5.37892543225	10.34768534	8.174296834	7.676452764	BRCA
Instance12	11.48188533	10.27665401	11.28537059	7.443588263	12.08367055	11.28199972	6.104971499	6.369285011	10.16944939	5.84925574	11.01404508	8.66980731	7.815256994	9.023735752	7.544617301	11.11875956	9.612141036	6.326074949	6.0664182	10.88129775	7.1852972805	7.66789353567	11.75528414	9.5174660655	8.91062109	7.322110956	9.072729628	7.324543144	12.68199828	7.321637554	8.716427139	7.04973393733	6.8101934035	11.11057321	6.456851828	5.37574431	6.7861813475	9.65659519	8.824657385	7.895663993	9.811543731	11.55629063	9.578863787	9.355641581	6.046814128	9.399502844	8.4740299995	8.933248873	Control
Instance13	11.16768802	10.56803712	10.97608812	7.108370574	12.19128143	11.15088665	6.382499203	5.9373607545	10.08514084	6.223234887	10.99419451	8.962058135	8.343586732	8.823484927	7.3703045175	11.29475415	9.769565608	6.547978484	6.141806358	10.4887367	7.4117681705	7.32601425833	11.64562254	9.2702612445	9.180550154	6.816699294	9.11294515975	7.935107761	12.85738045	7.471189747	8.7854943965	7.14436357833	6.654977447	11.13121409	6.224875349	4.988697465	6.421656707	9.597587563	8.392855247	7.77843482767	9.493665908	11.66558698	9.601752743	9.6358129485	5.93582680525	9.933941823	8.5940360615	8.832795987	Control
Instance14	11.36217961	11.60457421	11.73219511	5.771628945	12.38074251	11.33051934	6.185178351	6.017465398	10.93024227	6.269973458	10.93533103	9.223423229	9.167193021	9.175989441	6.8935968215	10.666982815	9.021133451	6.114268757	6.132068463	10.55403266	7.4282706955	6.97591235933	12.03723816	8.80925711925	9.410849402	7.518655368	9.4284456575	8.689964021	12.86342169	8.892179346	8.3847614075	7.35023516733	6.4175965355	11.59488687	6.095877621	5.292792099	5.456076664	9.617614907	8.873598775	7.36587860467	9.214775128	12.19128143	9.330368553	9.9907375325	6.32060603225	10.39216207	7.1655308455	8.194979796	BRCA
Instance15	10.87659774	10.257176	11.25995523	5.902683368	11.50362218	10.16197619	6.723562401	6.6537276915	11.10864878	6.733968186	11.31701417	8.538519855	9.101470918	8.9319577035	7.485098727	11.21590727	8.796235248	6.092128797	6.023317043	9.580042347	7.1613884155	6.763530312	11.80073018	8.5279889565	8.426475613	7.750105877	9.113299431	8.354559186	13.11037161	9.091660914	8.774283818	7.31315444567	6.5949871565	11.1007545	6.156644998	4.788047896	5.544020716	10.07000053	9.241179451	7.46873679533	9.426286314	11.14770754	9.259561518	9.683055312	6.17112059	10.23091542	7.126664761	8.73696091	BRCA
Instance16	11.53262879	11.15959405	11.67585684	6.196042028	12.54548466	11.68597092	6.764676316	6.523928337	10.88769302	6.597386379	11.17866503	9.290952566	9.228344402	9.4157847835	7.527901723	10.39328649	8.960915006	6.016480301	6.340211188	10.64948099	7.2083211925	7.03874911367	12.21510531	8.662750984	9.227195422	7.91898414	9.37510267	8.464169074	13.0474759	8.511556122	8.604510827	7.21700452967	6.527756701	11.63413504	5.757430847	5.258529523	5.44209646	10.12919321	9.807411729	6.82128937267	9.136613813	11.96009799	9.374426115	10.0054039915	6.36691188375	10.54330281	7.207971487	8.461204311	BRCA
Instance17	11.56134298	11.68668229	11.58990637	6.101719008	12.57220763	11.74803988	7.461215696	5.8055340835	10.61346285	6.351827612	11.03194774	9.547357825	9.230129219	9.4100818935	7.357071643	10.861074535	9.282585247	6.083857569	6.2849912	10.9447818	7.2727011495	7.10016706667	11.98277091	8.75566797825	9.319763063	7.949609524	9.588689033	8.292691032	12.87039849	8.772299004	8.409953035	7.43359077733	6.3941428145	11.63107485	5.795462577	5.533727829	5.5223939415	10.19591385	9.907754874	7.21432997467	9.151492997	12.44988381	9.560027603	10.266338858	6.287589147	10.42417183	7.3753302775	8.260097569	BRCA
Instance18	11.72083647	11.12792359	11.66436963	5.913853554	12.69228318	11.77806492	6.773307786	5.981776373	10.55979796	6.257393146	11.03275882	9.443524356	9.21184032	9.2504395305	7.2299863925	10.620424425	9.377476876	6.67359573	6.258901053	11.12425722	7.070863253	7.13735669233	12.11639279	8.2446148565	9.38991153	8.122958834	9.60802330525	8.43825243	13.36098494	8.567443842	8.640800583	7.17986935967	6.803953256	11.13386163	5.297385178	5.358089615	5.5364636575	10.21780056	9.489968911	7.189610274	9.14242692	11.89363345	9.353875227	10.1308165865	6.36645439	10.32995358	7.5514060975	8.26545228	BRCA
Instance19	11.67615115	11.86027624	11.62683849	5.669530862	12.51339458	11.8267889	6.977855527	5.656621585	10.83660293	6.429620671	10.98412667	9.524924191	8.758440706	9.283426389	7.224746219	11.17905754	9.100820741	6.104132849	6.405103693	10.84615266	7.409290949	7.301571066	11.90965135	8.49444995675	9.598481115	7.739039878	9.91743211175	8.463423345	12.83366697	8.792042831	8.518554874	7.21428444467	6.553387789	11.35799469	5.676740778	5.286429541	5.15457292	10.13564553	9.770879053	7.41929702967	9.583727381	12.2142175	9.517335308	10.185310385	6.44908452625	10.54869216	7.2303432025	8.169525606	BRCA
Instance20	11.40065415	8.971091653	11.67585684	5.781235931	12.94317143	7.91898414	6.337002435	6.245720279	10.83158062	5.706262025	10.78613914	9.717642636	9.785984134	7.388460416	6.330087624	10.585395104	8.38506549	7.371212794	6.182896477	9.955032716	7.6441090585	6.78827803233	9.074115449	8.56328838325	9.391867114	8.140089864	9.92985813225	8.591897347	13.50065522	6.664629054	8.0635175495	6.94060400367	6.348284926	11.53735445	5.852005861	5.052688948	5.321608753	8.777182254	7.877009719	7.05964141433	9.797410704	12.06768485	9.443980125	10.509973745	5.64632745025	10.32910148	7.3442798615	8.512346531	BRCA
