ID	4351	2645	2584	9945	2582	5373	5372	55276	51005	132789	2762	64841	80146	54187	7358	1727	2673	197258	140838	51706	8790	3074	3073	3099	3101	3098	51700	10020	2592	80201	55577	1116	91373	6675	27159	5973	2585	7360	80896	7264	5236	55907	10007	5238	29926	2821	29925	DependentVariable
Instance1	8.261943431	5.30303857733	10.82495499	9.221031882	6.06804707467	9.069611633	11.09465688	8.461204311	8.733584087	6.84532745	10.91242928	5.934641074	5.78110476	8.066090704	10.31612343	12.630340905	9.9380304435	9.120316378	6.064411413	10.59551884	4.944403139	12.91155214	7.107010728	8.5486277015	6.873785904	7.421314376	6.9142259635	9.388104019	7.98262638267	4.993687096	10.94344908	5.002265111	7.983037945	8.483192145	5.131979075	9.860497734	7.693696755	9.2403386986	7.495029094	7.802986618	13.05207472	10.25523827	11.50889917	8.19687992	8.322965967	11.56304622	7.29428400667	Control
Instance2	7.772151447	5.53179062767	10.96917084	8.663425681	6.37405258967	8.776664244	10.80184598	8.200838696	9.001190806	7.3052038585	10.97474459	6.029679945	6.052248095	7.961523672	9.963792397	12.364742135	9.34545895	9.547512066	5.7089688895	11.22088178	5.730104109	12.58278655	7.267093607	7.2752951695	6.491216266	7.25216743275	7.5204845035	8.86238252	7.94627691567	5.272407006	10.96031353	4.948847562	8.350719474	8.13647996	4.687873886	9.692742386	7.52423258367	8.5570668926	6.8134517485	8.148376321	12.4173608	10.32589273	11.57911804	7.8981199535	7.863043524	10.75019637	7.496571276	BRCA
Instance3	8.308476836	5.131792113	11.18656944	7.009271932	6.606422928	8.905538281	10.85319669	8.457135749	9.606803599	7.2160195605	11.43117909	6.150159168	5.461734198	8.596843038	9.672182718	11.906069465	9.29320491	9.900180431	6.36252366	11.24731951	5.258529523	12.7645524	7.144329712	7.4405797005	5.458620899	7.24124136325	7.7027483795	9.169975799	8.13287189367	5.73478497	11.11641563	4.98710623	8.385475393	7.971286497	5.0755294435	8.782311189	7.470634852	8.1375869088	6.737364204	8.34267599	12.5439804	10.876383605	11.84250171	7.768234763	8.14548812	10.62223972	7.85701201933	BRCA
Instance4	8.097454264	5.41224549733	11.23595455	7.497774262	6.655246754	9.596479163	10.98982397	8.602996767	9.087834821	6.857736739	11.54965727	6.734273105	5.82324701	8.61710112	10.4210605	12.051463945	9.2711507935	10.31926034	5.3023749965	11.89889998	5.352274105	12.23971048	7.302047389	7.744375252	5.78869305	6.9620171695	7.87915491	9.791635483	8.21974876233	5.264171629	11.10430408	5.480516577	8.373899518	8.196443679	5.110750134	9.403811531	6.659588438	7.9965682378	6.492776151	8.812242398	12.11865571	10.207822372	11.6951762	7.302575321	7.815224756	11.00318779	7.751208527	Control
Instance5	7.975462708	5.381060378	10.93000936	7.738600872	6.98412943333	9.119162341	10.63866242	8.369075052	8.899841107	7.208103811	11.6005403	5.814557632	5.917319114	8.455883152	10.08386525	12.18315503	10.2137771165	9.578863787	6.583437966	10.93087057	6.012127959	12.64120964	7.176525051	7.708490746	5.48205062	7.11097001925	7.1903807415	9.775001605	7.93525592667	5.287630431	10.86107549	5.371568663	7.866569768	8.973741217	5.0225497605	9.120497827	7.682119137	9.0660444806	6.7507975	9.380310145	12.73257984	10.67625776	11.25835125	8.1382193535	8.109830832	10.69578097	7.97934030033	BRCA
Instance6	7.698810782	4.78029427967	10.53077724	9.604535218	6.520756373	9.390115808	10.34544991	9.459688332	9.195151403	7.190084276	10.85995812	6.760823468	5.21024395	7.998450984	11.03013967	12.761541375	10.046922905	9.908242911	6.750035278	10.59102464	5.778347403	13.1958974	6.875169162	8.2776170305	8.361890192	7.27924073425	7.3420734175	8.87800578	7.49306242033	4.997982479	11.19313431	5.346435058	7.861740043	9.400581223	5.16681982	9.473604861	7.77745622733	8.716050116	9.1593805205	7.917821266	13.00468928	10.32271566	11.2607492	8.298945895	8.3025631485	10.84878354	7.55152160167	BRCA
Instance7	7.278707598	5.24441804267	11.69692854	8.010809379	6.63505526467	9.547121611	11.10737094	8.110210699	9.08890821	6.784944195	11.21644291	6.541565657	6.060269679	8.037328852	11.19460776	12.19115058	9.1164030025	10.47070999	5.818745464	11.96905199	5.129706745	11.98494007	6.888624921	6.820861544	5.69405225	7.07306347475	7.9078998975	8.814022522	7.62765243967	5.499615714	11.10430408	5.491381137	8.034470399	8.31464116	5.570627879	10.11144907	7.05016451767	8.259227047	7.282274332	8.590101509	11.57190206	9.7533171915	11.38561723	6.754765557	8.1446847535	10.50240945	7.48806720833	BRCA
Instance8	8.426328841	5.44014183767	10.93212267	9.578250555	6.52519494567	8.77081346	10.83708803	8.761568788	8.906771211	7.4832238145	11.23083122	5.567584424	5.491621645	8.222953198	10.27454155	12.40260016	9.725809339	9.305709021	6.3602279605	10.6860017	4.846005888	13.13613647	6.929261738	7.287694177	6.59332062	7.13942682425	6.9793316775	9.302679545	7.93371239367	5.368952732	11.19380271	5.273526379	7.94040335	8.44315193	4.3848038115	9.870133933	7.69310850267	8.6703653428	7.515470398	8.218395073	12.2754728	10.644290145	11.56651327	7.92435404	8.386814997	10.36033166	7.56811039667	Control
Instance9	8.653795517	5.20127672467	11.09785784	8.240840365	6.43548509533	9.323032869	10.52153201	8.758657228	9.103209852	7.0455505575	11.7240492	7.046281298	5.364932404	9.006284785	9.99487707	12.18368905	9.6142033185	9.755063289	6.639384926	10.864964	5.080030024	12.50103733	7.03656137	8.1547705925	5.425183376	7.363162919	7.2173964665	10.49310768	7.80737483733	5.442455259	11.09488611	5.048553625	8.114186267	8.808434225	5.214945087	8.838747853	7.47865214433	8.08941919	7.2783141065	8.871474925	12.13760287	11.01505491	11.36882578	7.7936257375	8.2567879515	10.91468805	7.33071672433	BRCA
Instance10	8.06060289	5.52820953933	10.67145286	7.178916585	5.970522876	8.686361438	11.31492605	7.73787453	9.357591109	6.937991748	10.46549017	6.086301455	5.647898183	8.443410974	9.804115337	12.370331835	9.3968847235	9.872709937	6.387663615	11.55392216	5.726293954	12.53522562	7.095347239	8.182674481	5.938292408	7.0345246175	7.6191648385	9.470750946	7.86898479467	5.641120592	11.23824666	5.492022402	8.138465245	8.587403553	5.0229459345	9.554464685	7.33232435	8.993405749	6.811098421	8.103499115	12.71973005	9.930855751	11.3442156	7.3925929705	7.820558902	11.07513166	7.229776611	BRCA
Instance11	8.547088405	5.520952032	11.44004913	9.559215089	6.37083741633	9.138438926	11.2808811	7.656963092	9.926592927	7.0565027555	11.0724812	5.62600922	6.181605124	9.293288355	10.14962047	12.76854106	8.911960349	10.14854685	5.821211436	11.07296681	5.240897443	13.09870741	7.279241735	8.3253168705	7.01100671	7.0127930545	8.2630990645	9.33928279	8.429694467	5.203799462	11.73219511	5.127128959	8.554062253	8.850976841	4.968982059	11.02231599	6.34098043033	8.3681031852	7.7114455925	9.614958763	12.53965448	10.1038576125	11.4091179	7.9747093635	8.4027013735	11.66763062	7.88913040667	BRCA
Instance12	8.223689368	5.419747676	10.71573921	8.709412238	6.30426301567	8.73696091	10.63522863	8.54296522	9.000916275	7.6143430595	11.10704394	6.279662229	5.684686388	8.340875026	10.26892824	12.622983295	9.7916942555	9.799071567	6.3742966585	11.00891197	5.570775033	12.93044173	7.077032319	8.033782948	5.895794131	7.20574551525	7.210702954	10.47490271	7.74400371033	4.79000478	11.15845524	5.541957134	7.97381376	8.58662508	5.4073719905	9.887518083	7.75967935467	8.7738329156	7.9221589695	7.975333728	12.55486108	10.611148015	10.98603064	8.3639166725	8.003198861	10.82171841	7.71480463	Control
Instance13	8.226052227	5.49564778167	10.74066222	8.20072837	6.262064587	8.925733282	11.27142817	8.474406762	9.16185061	7.331284489	11.33884516	6.203255613	6.154216227	7.647532403	9.814991395	13.19910635	10.019985327	9.542248919	6.303648135	11.13429814	5.200860606	12.70456839	7.574709175	8.8292487585	6.846528182	7.229572549	7.198376369	9.440817855	8.04746915367	5.383886777	11.12211636	5.212774804	7.78721879	8.551632448	5.446263496	9.937352163	7.45897237667	8.9908265678	7.0996492735	7.951490357	13.09148337	10.324579735	11.09785784	8.7333843985	8.0372356745	11.2498099	7.53586380367	Control
Instance14	8.276811994	5.18523056133	11.2910039	8.884911618	6.61878377233	9.447765722	10.77621939	8.658881899	9.486151779	6.9841726495	10.80048359	5.583392151	6.1022441	7.956697224	8.39528898	12.50301196	8.668340554	10.18025763	5.5022252035	10.93816836	5.168332398	12.75033439	7.254558909	6.694170416	6.646238725	7.270700089	8.35884987	7.99053107	8.39766958967	5.525059738	11.49170796	4.62091844	8.736631192	6.319315918	5.1733854175	9.77763387	7.306679294	7.9825833316	8.2947210665	8.758548971	12.26010515	10.71509961	11.57100849	8.244856007	8.7929420825	10.90219441	8.013255941	BRCA
Instance15	8.093339815	5.39372571767	11.19062121	9.290572499	6.397120148	10.10956988	10.60627128	9.240493895	8.819229987	7.511701657	11.94205636	5.950124992	6.563162421	8.341653496	9.422275648	12.38152963	9.2643397455	10.28924692	5.96518345	10.56679164	5.281523233	12.88385376	7.650946042	7.5124677965	7.029787251	7.44888365275	8.0830487855	8.134145359	8.23250327933	5.327517838	11.30974934	5.102250005	8.108238405	6.934991518	5.3171154105	9.095621932	7.07782555367	8.115957583	8.1844885685	8.753251123	12.60813011	10.98716338	12.31194418	8.949044117	8.591000453	11.36247141	7.810253944	BRCA
Instance16	8.443721766	5.55735813	11.21084804	9.204596284	6.27978295967	9.586746509	11.06323009	8.631396377	9.525335383	7.2883576255	11.26326937	5.605710071	6.48510929	8.120239335	7.693297243	12.44725374	8.583934567	10.00237241	5.994875078	11.0078229	4.936651187	12.84571551	7.613994069	7.276306071	6.399688614	7.3205492105	8.3748201215	8.311295486	8.361567588	5.362129031	11.5968724	5.380254332	8.562224414	6.460665271	4.8214148985	9.280295858	6.95605955167	8.0820814208	7.7025699825	8.841423708	12.44988381	10.881970625	12.07757191	8.0476967695	8.380114831	11.15594258	7.887205075	BRCA
Instance17	8.514971532	5.276280094	10.98603064	8.336429709	6.41900987367	9.540118894	11.01990014	8.409052632	9.908633222	7.5585974855	11.10343226	5.769514729	6.441662431	8.061143158	8.181973558	12.072364605	9.0878345165	10.20370316	5.946197326	11.38201077	5.307438771	12.84903075	7.358741572	7.100523053	5.946152572	7.32107004825	8.1531549305	8.255407641	8.13823689733	5.277437357	11.53000404	4.813795654	9.027022092	6.296416681	4.945686738	9.240994681	7.188201103	7.8307857686	7.318416851	8.622675197	12.12695617	11.013704865	11.71890753	8.2653274275	8.5661657685	10.89955162	8.131846513	BRCA
Instance18	8.745725683	5.31023041433	11.15778289	9.226111776	6.10555362567	10.09852599	10.77027594	9.014202627	9.072247268	7.505531379	11.74755745	5.849756153	6.462793134	8.357113329	8.863273433	12.391860155	9.332011163	10.1682337	6.1195113505	10.90352059	5.221114603	12.71693524	7.772002946	7.6689614285	6.771129989	6.87693023475	7.923335023	8.850203347	8.11042235033	5.849756153	11.56193958	4.924350826	8.511556122	6.693037787	5.270779333	9.419112806	7.00912201667	8.0855683992	7.4839344395	9.011158142	12.66507944	11.18043206	11.4744083	8.5262557705	8.539894083	11.53030527	8.157720886	BRCA
Instance19	8.743051332	5.49999523867	11.2250027	9.413776593	6.59309130067	9.868360018	10.63024918	8.500534316	9.676706901	7.680796487	11.68974045	5.916244486	6.351695128	8.389159281	9.261419819	12.269878105	9.589340427	9.658345892	5.85676408	10.97348951	4.56873932	12.91933548	7.618552751	7.227761339	7.091438361	7.4105530975	7.986390496	8.2647723	8.085445139	5.469732364	11.03430052	5.274831217	9.009381554	6.629470009	5.4760032255	9.383683302	7.53480358267	7.8614995356	7.520746547	9.23553628	12.29242381	11.25014423	11.39369628	8.6690275245	8.8732094295	11.39624368	8.39018177167	BRCA
Instance20	8.809407309	5.32017902367	11.94030819	9.305709021	6.598032442	10.90030477	10.95100801	8.305048399	10.02896315	6.890308564	11.7820728	4.616223203	5.430127385	8.907237045	7.968668413	12.15026917	8.4628028575	10.14611713	6.3333875345	11.31755975	5.388199225	12.6473067	6.886279205	7.2606614885	6.903553889	6.4837760045	8.110612208	5.52701656	7.68330154633	5.901899413	12.05711016	5.015037253	8.645767508	5.814429456	4.9473171435	10.41323683	7.162589633	8.1496813676	6.2452491135	8.285946739	12.51068142	10.663026655	11.63567744	7.578495532	8.100130393	9.521345799	8.93699438067	BRCA
