ID	3725	9530	841	5599	7124	5062	6709	4000	4001	6416	8738	8772	7186	8737	8717	84823	8567	4214	5058	6885	5925	836	7132	835	1676	1677	397	5591	142	DependentVariable
Instance1	14.72492149	7.2304857115	5.6639776582	5.939777752	8.519696323	8.225782395	11.51681803	12.31771434	6.882035048	8.585478725	9.362930698	9.964760013	7.722570406	9.943694688	8.13891188267	9.662295026	7.116015366	10.46146439	9.037678125	9.487800372	8.976299993	7.931813168	12.08918571	9.44396110067	9.322972846	6.6317994995	13.44437567	7.43044094167	11.18453773	Control
Instance2	14.11502538	7.646662423	5.8528914586	5.0886580415	7.177920594	8.658878356	11.61680165	12.217337305	6.871477523	8.106593131	9.090609419	10.15158143	8.156008632	10.07879165	7.57672874133	10.0981575	7.74148482733	11.6627575	9.447476465	9.4310771815	7.958452847	8.1988449165	12.001308	9.59367275233	9.80430441433	7.037503494	13.78998546	7.29190135533	11.26378871	BRCA
Instance3	14.41297137	7.1997887055	5.7897319854	5.6701097255	8.414834386	7.83784169	11.15088665	11.331478295	8.311181937	8.6701660175	9.298601687	10.64474883	8.551997661	9.929872764	7.91175192233	10.50723497	7.60716707633	11.77105209	9.822754492	8.9013859115	8.409052632	8.03923302	11.63162057	9.81162458833	9.66722047133	7.119152491	13.68697704	7.406676876	11.73450229	BRCA
Instance4	14.08054111	7.656293033	5.6257131728	5.7758281875	8.370459788	7.70770520067	11.40622376	11.69631911	7.009719816	8.231806127	8.62348019	10.26616024	9.141437341	10.01119619	7.18497456933	10.52922583	7.643247099	12.00382718	10.03852848	8.417672848	6.610216975	8.049352819	11.41027128	9.195121863	9.39768029933	6.902136378	13.58717103	7.03988827733	11.93178472	Control
Instance5	13.43392773	7.499193841	5.7767472574	5.704258658	6.675961001	8.07563913267	11.3294966	11.649666395	7.701481697	8.6043275615	9.466495147	10.77308997	8.106250323	9.484878832	7.786651762	10.00237241	7.03658997967	11.72645885	9.507874464	9.2133861525	8.022008655	8.040914571	11.76197512	9.85869289633	9.67330697167	6.377025189	13.44437567	7.50186736	11.53892866	BRCA
Instance6	13.80946823	6.775472276	6.1557894346	6.517858181	6.320264091	8.35808952433	11.64258438	13.55168753	8.182134999	8.9337864765	8.628446565	10.34100757	7.922110302	10.12499078	8.01981551	10.18974462	7.72956807533	11.51112271	9.3312535	9.9163703245	9.286795183	8.276164252	11.96720294	9.51142641433	8.89733260433	6.7462971645	13.37131522	7.78387541633	11.81694975	BRCA
Instance7	13.91249272	8.589382972	5.645039366	5.6011167705	6.423120638	8.02893851733	12.25692522	11.981065665	6.263978634	8.457614913	8.837881072	9.911339974	8.283761058	9.601752743	6.84780819533	10.66644619	7.55563767233	12.26224618	9.354305108	8.575344218	8.555107826	8.3070644095	11.42772678	9.82838490033	9.97309623267	6.2881816415	14.13459319	7.50204637833	11.90133466	BRCA
Instance8	13.96294256	6.780637691	6.1264922834	5.401013329	6.14308278	7.68379282967	11.0691579	11.76167965	7.289814009	8.519260169	9.898586698	10.36365325	7.748127633	9.671351374	8.008015864	9.773436423	7.298685249	10.99477083	8.901176988	8.9471097785	9.023671978	8.3666695385	11.92850738	9.748394655	9.03718650233	6.5533661775	13.66928817	7.251948296	11.30662298	Control
Instance9	14.44356588	7.2078722295	5.8838277246	5.8779809975	8.252974189	7.77701585767	11.08036472	11.84304893	8.453076263	8.505661469	9.154932713	10.67652155	8.550151431	9.108531726	7.927182045	10.11872735	7.501859479	11.9611296	9.625618044	9.204869818	8.717951507	8.288078818	11.36056745	9.64715749033	9.358422347	6.632880865	13.44910353	7.97532141333	11.83486615	BRCA
Instance10	13.15952927	7.8772033795	5.7581840748	5.5839936855	6.105390642	7.95022355167	11.3345919	11.98689852	6.789276463	8.616861979	8.914057031	10.1525514	8.509301078	9.863923404	7.73106613	9.72319211	7.606251351	11.43790563	9.599773923	8.9430429875	7.473200667	7.806017873	11.57911804	9.22325478167	9.70737187733	6.6695634235	13.80946823	7.25249120567	11.43905962	BRCA
Instance11	14.17314893	6.890428139	5.3816807882	5.9065229025	6.992205122	7.58494976267	11.91473092	12.561351905	6.869597313	7.974032126	8.863978026	10.44646331	8.81368591	9.933705821	8.26798057567	10.08928532	7.644013583	11.22161448	9.29724939	8.596587527	6.142419181	8.021098551	11.97837451	7.969587837	8.76886181	6.934380171	13.19114487	7.39819177333	11.64095449	BRCA
Instance12	13.87385551	6.978671921	6.0308489854	5.767601547	7.871691396	7.93261710267	11.23612501	11.3968287	7.122157924	8.704684954	10.40794251	10.4522647	7.562397229	9.477151683	7.74767978867	9.844918005	7.09360032067	11.05015324	9.270109064	9.0816140535	9.062316786	8.158617651	11.79193625	9.577835713	8.949474907	6.92664681	13.70909946	7.63884425833	11.53930922	Control
Instance13	14.67256817	8.1261586565	5.9638642464	6.1670985755	6.162699096	7.94302709167	11.30449979	12.16234867	7.016922821	8.3498677015	9.577046919	10.26227726	7.489328426	9.882639658	7.976421966	9.881236778	7.312713191	10.77967445	9.21638279	9.1999885685	8.997758931	8.264536249	11.70928645	9.65785015033	8.91830832267	6.6713305865	13.69550076	7.20925881333	11.37964115	Control
Instance14	13.48222565	6.3861084835	6.0564723368	5.967633391	5.841225451	7.87233796567	12.001308	11.9623243	7.066738055	8.5569316505	9.301393948	9.334318613	8.174789799	10.43762494	8.60516057033	10.30071322	7.63293525233	9.313711317	10.06933601	8.733092931	9.187897079	7.961727034	12.32501877	9.218579978	8.54817031567	7.0811017145	13.95892379	7.039196716	11.63638911	BRCA
Instance15	13.17144427	7.3731095315	5.9408978668	5.329465727	5.923868951	7.52928093467	11.95277228	12.40541646	8.403450013	8.5497894345	9.122000391	9.828898548	8.260238737	10.76657469	7.70289810533	10.78710288	7.78461788533	9.683047729	9.423032438	9.2660120735	9.308988054	8.3844099225	12.15610687	9.15270035067	8.93271200033	7.1032022225	13.68255687	7.372662538	11.62261253	BRCA
Instance16	14.09890062	6.9491101965	5.9484693628	5.656097949	7.264445239	7.75599573933	11.49745034	11.647604995	7.730879578	8.480919728	9.755664213	10.02000108	8.569372533	10.39270411	7.81029065433	10.30716697	7.75377668467	9.206422917	9.880142578	8.692934023	8.652093075	8.1522695415	12.03603115	9.203106719	9.04826869333	7.20994475	13.88385421	7.31420825667	11.39624368	BRCA
Instance17	14.01211384	6.685090749	5.7945629282	6.071716146	6.665268844	7.607699735	11.84327345	11.383564795	7.267655467	8.4390426745	9.575955699	9.304157994	8.554263753	10.31328586	8.33003132667	10.12152741	7.88731868833	9.06544382	10.12536217	8.4734774435	8.567082519	8.071465941	11.81753744	9.50173641667	8.354139225	7.35871524	14.03490428	7.10521543533	11.35948893	BRCA
Instance18	13.34674991	6.8357319225	5.8306412028	6.259376137	7.183985468	7.474927603	11.67059663	11.723080655	8.138247638	8.551370553	9.764714513	9.892717783	8.466179598	10.26978741	7.89650067567	10.54993411	7.59595390167	9.805889394	10.00810682	8.580432115	8.774162024	8.4046207015	11.86989657	9.16349008167	8.76855890367	6.720818415	13.86848405	7.03236477533	11.69454954	BRCA
Instance19	12.76004735	6.488642528	5.884185454	6.1648761405	6.778573689	7.58342234833	12.06768485	11.326520465	7.343099362	8.655247477	9.372463054	9.408563868	8.512702074	9.880004788	8.82616985867	9.88281158	7.48697089533	9.17185302	10.13367562	8.5357374825	8.989423683	8.161427938	12.24889125	9.17481815033	7.991196569	7.03899017	13.97428464	6.94611728633	11.35243538	BRCA
Instance20	12.03663478	7.5373189165	5.3899325582	5.593235253	5.97155002	7.32187888267	11.59972937	13.403975805	6.894972708	8.821488149	10.09760788	8.136146677	8.362997044	10.94323478	7.901426815	10.55163644	7.92175309167	6.536717836	9.841965701	7.348718546	9.119292054	9.1174736295	12.56790862	9.451404955	9.373615846	6.8742708525	14.29890208	7.14913478267	11.21874199	BRCA
