ID	1437	920	4049	1435	3562	7124	3600	7042	3458	7040	3456	3439	1440	7043	3558	3576	3593	3596	5154	3592	3574	3552	3565	3567	3586	3569	3123	3122	3589	DependentVariable
Instance1	4.678374372	7.587142037	6.097300677	6.605429502	5.089382945	8.519696323	6.46544247525	6.78103548	5.676529235	5.682300273	5.011016147	5.354567863	6.47579111167	9.289875449	5.726430204	9.6189422155	4.636656248	5.014814152	6.70121473533	6.597386379	5.626563777	5.428620839	5.0072306655	5.421372531	8.621509826	13.60771409	5.209464331	13.17461947	5.422410676	Control
Instance2	5.205755379	7.564704211	5.99820185	6.17163056667	5.541105329	7.177920594	6.34347006575	6.166218956	5.277995204	5.101199635	4.332418168	5.219566658	5.45065757067	9.578863787	5.368428976	6.7790147065	5.272407006	5.076613872	6.927342899	6.147057976	5.574289436	5.19062597	4.7333277815	5.340579688	9.0225626735	8.608616259	6.166218956	13.80159564	5.376786337	BRCA
Instance3	5.418452458	7.27775495	6.212526175	5.75855648167	5.29242402	8.414834386	6.752661952	5.995434345	5.336114869	5.014814152	4.538726271	5.263044971	5.37552042867	9.330514214	5.465820435	7.352992936	5.379561399	5.241660263	6.43184992733	6.608332915	5.506245744	5.173838258	5.313506773	5.7194123975	8.5481499285	7.664022547	6.220528877	13.830710045	5.730783436	BRCA
Instance4	5.03343539	7.757275197	7.242795702	5.97830915367	4.893861206	8.370459788	6.0497296355	5.797150007	5.464840793	4.808914358	5.123512303	5.139460541	5.02824661567	10.06419075	4.899672619	6.039562885	5.412113573	5.402254249	6.29958050633	5.82808014	5.395675362	5.28559757	5.4457486575	5.472305765	8.7223001635	6.879402901	5.78869305	13.10958531	4.851263383	Control
Instance5	5.17473722	7.922110302	5.897247233	6.018804739	4.885099957	6.675961001	6.5226000095	6.737352562	5.115211455	4.828848945	4.173910121	5.238033268	5.14660261833	9.272076349	5.536217098	6.0044384665	4.805822905	5.759829109	7.33859063467	6.568568473	5.620116829	5.488491912	4.9685946665	5.0515537875	8.63491322	6.192791506	12.58150432	13.67035693	4.783209568	BRCA
Instance6	4.95444207	7.239410274	6.125574263	6.35738866467	5.421064416	6.320264091	6.6929625465	7.238598499	5.298302041	5.321216715	4.785303823	4.795989381	5.90057271633	9.540317507	5.032554093	8.452055235	4.790265497	5.148742216	6.96108608367	6.123713395	6.0004803565	5.388199225	4.916242232	5.1215765945	8.5984358945	10.84461576	12.50251243	13.80707185	4.540576974	BRCA
Instance7	5.205168882	7.114005486	6.101508918	5.61686352333	5.516024013	6.423120638	5.996825153	6.518854253	5.213941395	4.73770262	5.019714421	5.622938584	5.05878049733	11.79415195	4.759703782	6.8963072275	5.328236218	4.541660082	6.89649601933	5.850631456	5.601416943	4.765549899	5.173542303	5.2625027255	9.1479749325	6.331772944	10.54658128	12.56767587	5.014814152	BRCA
Instance8	5.002490161	7.840024324	6.162145193	6.48155647233	4.626327643	6.14308278	6.579364594	7.822174254	5.989996857	5.167931151	4.424648213	5.093191733	5.23336336333	10.56613044	4.823508981	7.9782570685	5.256643908	5.007208117	6.60636141433	7.117464214	5.9509073735	5.193979903	5.2313828535	5.5434679	8.2346108605	10.45145612	11.59208337	13.646442645	5.261917434	Control
Instance9	4.749683847	7.470071357	6.095613938	6.453235114	5.476714818	8.252974189	6.70918222025	6.303694572	5.178725843	5.46083367	4.440788181	4.805564985	5.02918243733	9.938499406	5.307438771	8.04737784	4.809043025	5.032113243	7.743697197	7.818711782	5.549256199	5.872096916	4.865162184	5.272333773	8.326192676	10.12252426	12.10466109	13.92629211	5.305251227	BRCA
Instance10	4.920783068	6.98547517	6.501961052	5.614786977	5.072117861	6.105390642	6.26952184325	6.274406692	5.114586962	5.062004299	4.131934652	5.476390801	5.44629653933	9.642061229	5.044406414	5.9031564735	4.314057196	5.679206489	6.83351091333	5.69321599	5.6424401345	5.376786337	5.2729194505	5.5195452685	8.946522269	7.723389827	11.29724747	12.911595045	5.250782787	BRCA
Instance11	6.027248757	7.572626574	7.277568994	5.47117669567	5.10371924	6.992205122	6.2720263615	5.609704182	5.77657203	6.147057976	4.87013196	5.548136995	5.20646567367	10.31728008	4.879474508	6.926763588	5.211023147	4.847259412	6.364402101	6.371476641	5.796966621	5.038053386	5.4767379555	5.2954882695	8.8805531315	9.620715209	12.12065594	13.336444535	5.941758505	BRCA
Instance12	5.208391667	8.062317545	6.564534887	6.4643509	4.884855828	7.871691396	6.70046713225	7.247787805	4.921497326	5.382071697	5.336650487	4.79000478	5.36752405833	9.979768545	5.572595075	8.7833788245	5.622060057	5.622060057	6.21373216567	6.861865828	5.6751301325	5.557051033	4.9594614325	5.236038782	8.629169544	10.86030351	12.13760287	14.133262905	4.946744016	Control
Instance13	5.637792259	7.324655646	6.139352456	6.39192184567	4.263099122	6.162699096	6.6768642975	7.420152085	5.303243061	5.502084908	5.088959125	4.827579315	5.463782277	9.655880007	5.006310647	7.1443881845	4.997530935	4.802724808	6.15490403367	6.342079669	5.7903941705	5.524354632	5.0479553105	5.753817663	8.100279525	11.58397843	11.35464901	13.717874695	5.416511492	Control
Instance14	5.363706598	7.340030607	6.807229727	6.03140516667	5.605117409	5.841225451	6.81995482425	7.131628387	5.196047562	5.115003321	4.561139219	4.796249019	5.47926853333	10.35287964	5.431298057	6.1489128	4.693784032	4.854508448	5.8424588	6.424674922	5.26681038	5.292792099	5.1469376925	5.61349928	8.0593538555	8.333559164	5.168332398	13.99859808	5.65836235	BRCA
Instance15	5.234397132	7.504284952	6.043635001	5.74386241533	5.001814906	5.923868951	6.420596175	7.112546695	4.702259784	4.924350826	5.275203811	5.014479436	5.47228789033	11.69149721	4.811228613	7.8549517575	4.481826553	5.541492575	6.864827898	7.469094598	5.6520349785	5.03365563	5.1417521165	5.322639635	8.1004276705	7.561137318	10.46950983	13.808752855	5.379907907	BRCA
Instance16	5.386130858	7.060753003	6.635758471	6.125868763	5.391983545	7.264445239	6.58613450375	6.735729052	5.131765663	5.605710071	4.20894853	4.949431337	5.42868180033	10.24482795	5.043313058	6.814024793	4.735808811	5.740665359	7.08695119167	7.799671995	5.51782871	5.65607532	4.942154083	5.594179114	8.34204317	6.535668564	10.19314989	13.981464	5.661429849	BRCA
Instance17	4.235422182	7.078260574	6.276781031	5.97306390367	5.183299167	6.665268844	6.675787251	7.229566594	4.923400286	5.66449084	5.135874705	4.894103816	5.68501652033	10.86671119	5.659504507	6.874510871	5.179920282	5.349799819	6.03008672167	6.888746673	5.3395515135	6.161591078	4.8414910265	5.4511408555	7.8964651425	10.18060575	4.91887665	14.06575512	5.573125488	BRCA
Instance18	5.272873517	7.628739198	6.582522603	6.062103457	4.727256081	7.183985468	6.67229528175	6.535085305	5.568952692	5.37574431	5.474445169	4.874319002	5.48595179367	10.95634187	5.575169544	7.2343726315	4.96464266	5.838454683	6.640448691	7.360761781	5.6241643085	5.213649836	5.141070657	5.254707192	7.6852114755	8.411575733	5.394901009	13.712322535	5.517599514	BRCA
Instance19	4.901604566	7.524289246	6.371171674	6.27193894667	5.115835678	6.778573689	6.47455116275	6.862206886	5.682019293	5.19062597	5.130530665	4.881923051	5.45787780567	10.24378721	5.412113573	6.843036893	5.246228736	5.467777725	5.76705920233	6.876182709	5.734585683	5.214135735	4.993426328	5.518342789	7.728983218	7.543536723	11.24502395	14.275570095	5.688328124	BRCA
Instance20	4.755170033	7.818200484	7.173979696	5.581131236	5.557280839	5.97155002	6.53294562125	6.989880165	4.96556642	5.716038325	5.113545539	4.632300425	5.19311127833	10.70345182	6.396866433	6.3321564655	4.71233763	5.279110251	6.197947513	6.207019812	5.9216774485	4.817893448	4.634263323	5.463931152	7.9403482215	8.685494426	5.039808741	13.81356339	5.567280188	BRCA
