# Order in which each feature was ranked by the feature-selection algorithm. When cross-validation was used, the values represent average ranks across the folds. Note that these values are calculated on the assumption that all features received a rank, whereas some feature-selection algorithms do not assign ranks to all.
Feature	Rank
2243	2.7777777777777777
9630	8.5
94235	10.166666666666666
5341	11.88888888888889
2621	11.88888888888889
22915	12.333333333333334
6402	12.444444444444445
805	16.055555555555557
3688	17.444444444444443
90952	18.666666666666668
7060	18.944444444444443
5327	20.0
5340	21.38888888888889
5624	24.0
1606	25.72222222222222
23428	26.333333333333332
2782	26.944444444444443
1607	27.0
1432	27.055555555555557
2784	31.333333333333332
6403	31.72222222222222
3897	32.05555555555556
226	32.888888888888886
7057	34.27777777777778
11343	35.166666666666664
2157	35.666666666666664
10411	36.22222222222222
11069	36.94444444444444
5155	38.0
3655	38.05555555555556
7044	40.22222222222222
6464	40.44444444444444
2815	40.72222222222222
51378	42.55555555555556
2155	43.0
2149	43.05555555555556
5295	44.333333333333336
5478	44.611111111111114
10672	44.77777777777778
3932	48.0
5321	49.833333333333336
2266	52.22222222222222
1608	53.388888888888886
8526	55.333333333333336
57126	55.55555555555556
6693	57.72222222222222
3674	58.27777777777778
3676	60.05555555555556
5336	61.22222222222222
3708	61.22222222222222
747	62.388888888888886
801	62.77777777777778
3683	63.55555555555556
23539	65.44444444444444
962	66.0
813	66.77777777777777
8527	67.66666666666667
1445	69.33333333333333
5660	69.61111111111111
3687	70.05555555555556
682	70.16666666666667
5547	71.16666666666667
5578	71.33333333333333
2153	73.0
1950	73.27777777777777
5777	74.33333333333333
3684	76.38888888888889
2147	77.44444444444444
160851	77.55555555555556
2335	78.27777777777777
7056	81.27777777777777
58494	83.11111111111111
6850	83.11111111111111
5582	83.16666666666667
6654	84.22222222222223
1609	84.38888888888889
54331	84.38888888888889
9056	85.11111111111111
7423	85.83333333333333
22927	87.27777777777777
3309	88.83333333333333
8525	89.94444444444444
7040	91.5
3673	93.05555555555556
213	95.05555555555556
4312	95.11111111111111
3635	95.77777777777777
25780	96.44444444444444
5154	98.27777777777777
6404	98.77777777777777
4973	99.55555555555556
7059	102.0
2792	102.44444444444444
3082	102.61111111111111
2160	103.94444444444444
2886	104.55555555555556
7058	104.66666666666667
2161	104.94444444444444
965	106.77777777777777
23759	107.22222222222223
857	108.38888888888889
55970	109.33333333333333
5747	111.55555555555556
7410	114.38888888888889
5335	115.0
3818	115.38888888888889
482	115.44444444444444
83700	116.11111111111111
3685	116.22222222222223
51764	116.61111111111111
1398	116.66666666666667
2159	117.16666666666667
2534	117.22222222222223
2773	117.27777777777777
1675	118.27777777777777
5627	118.5
3265	119.66666666666667
4099	121.0
7414	122.0
2811	124.16666666666667
808	124.38888888888889
10235	125.22222222222223
1277	125.66666666666667
8140	125.77777777777777
5294	127.66666666666667
2768	128.0
7035	128.5
948	129.16666666666666
2776	129.66666666666666
152	131.88888888888889
2165	132.44444444444446
284	132.5
88	134.55555555555554
7043	136.0
3273	139.27777777777777
7042	139.55555555555554
6810	139.66666666666666
351	140.77777777777777
23657	141.22222222222223
967	141.55555555555554
2885	142.33333333333334
7094	142.38888888888889
3675	143.72222222222223
5175	143.72222222222223
5291	145.33333333333334
7273	145.66666666666666
3690	145.66666666666666
961	148.22222222222223
64805	153.77777777777777
9564	154.61111111111111
81	156.16666666666666
221955	156.88888888888889
2	157.27777777777777
5290	158.05555555555554
2791	158.5
2814	159.94444444444446
3937	160.11111111111111
928	161.22222222222223
2771	163.16666666666666
7424	163.77777777777777
5197	164.38888888888889
10451	165.77777777777777
2162	167.22222222222223
5028	167.61111111111111
2207	167.94444444444446
6915	169.38888888888889
9948	169.5
5265	170.55555555555554
5023	171.22222222222223
6814	171.88888888888889
55423	174.72222222222223
8832	175.55555555555554
10000	175.77777777777777
7018	176.27777777777777
1525	176.55555555555554
51744	176.55555555555554
207	177.83333333333334
2316	178.61111111111111
7409	179.5
120425	181.05555555555554
285	181.22222222222223
3920	183.33333333333334
2793	183.44444444444446
5552	183.94444444444446
708	184.83333333333334
4893	185.22222222222223
483	186.05555555555554
3689	187.33333333333334
5329	188.44444444444446
5055	189.33333333333334
151	189.44444444444446
5328	190.33333333333334
7450	190.88888888888889
7277	191.55555555555554
51206	191.94444444444446
7010	192.22222222222223
9162	192.77777777777777
2277	193.61111111111111
5196	193.94444444444446
54518	194.22222222222223
3678	195.11111111111111
11136	196.33333333333334
29106	196.83333333333334
9057	197.0
3710	197.38888888888889
208	197.94444444444446
54210	198.11111111111111
2244	198.38888888888889
3479	199.61111111111111
3709	199.94444444444446
4067	200.33333333333334
59345	203.61111111111111
5345	204.77777777777777
5770	206.55555555555554
5579	206.77777777777777
338	206.83333333333334
5473	207.27777777777777
10461	207.38888888888889
10681	207.55555555555554
462	208.66666666666666
7525	209.33333333333334
3827	209.55555555555554
5781	210.44444444444446
1072	210.55555555555554
2783	210.77777777777777
56301	211.72222222222223
2785	212.11111111111111
914	212.33333333333334
150	212.83333333333334
5590	213.0
6647	213.16666666666666
6520	214.05555555555554
9046	214.16666666666666
2888	214.5
27154	215.83333333333334
2158	216.11111111111111
6714	216.11111111111111
2151	216.94444444444446
5170	217.55555555555554
2786	218.11111111111111
146850	219.05555555555554
6566	219.33333333333334
23533	220.55555555555554
140885	220.55555555555554
481	221.05555555555554
87	221.55555555555554
335	221.72222222222223
710	223.33333333333334
1191	224.33333333333334
2769	225.72222222222223
2767	225.72222222222223
3845	225.83333333333334
6678	226.0
2770	226.33333333333334
5906	226.5
7422	226.66666666666666
5054	228.33333333333334
2152	230.16666666666666
9123	232.61111111111111
7076	232.94444444444446
50848	233.83333333333334
2788	235.11111111111111
1278	239.88888888888889
5296	242.27777777777777
