# Order in which each feature was ranked by the feature-selection algorithm. When cross-validation was used, the values represent average ranks across the folds. Note that these values are calculated on the assumption that all features received a rank, whereas some feature-selection algorithms do not assign ranks to all.
Feature	Rank
219437	1.0
390261	2.0
391107	3.0
338751	4.0
26184	5.0
283159	6.0
81309	7.0
390327	8.0
26212	9.0
79490	10.0
79339	11.0
390155	12.0
120793	13.0
2782	14.0
120776	15.0
390321	16.0
81050	17.0
390084	18.0
219873	19.0
283617	20.0
219954	21.0
283189	22.0
283160	23.0
127608	24.0
391109	25.0
256148	26.0
392138	27.0
79295	28.0
402135	29.0
390154	30.0
219493	31.0
283093	32.0
403274	33.0
283365	34.0
390892	35.0
401663	36.0
26341	37.0
8383	38.0
219429	39.0
390190	40.0
26339	41.0
26245	42.0
219484	43.0
120796	44.0
121364	45.0
79549	46.0
346525	47.0
128366	48.0
254879	49.0
390082	50.0
81697	51.0
26539	52.0
390058	53.0
124538	54.0
128372	55.0
390059	56.0
341799	57.0
144124	58.0
128368	59.0
219981	60.0
81327	61.0
119774	62.0
219432	63.0
390067	64.0
4994	65.0
26707	66.0
126370	67.0
390078	68.0
390195	69.0
390649	70.0
390174	71.0
26219	72.0
26735	73.0
219479	74.0
121130	75.0
120775	76.0
26333	77.0
81285	78.0
390433	79.0
127385	80.0
79473	81.0
219477	82.0
127069	83.0
338674	84.0
196335	85.0
144125	86.0
390093	87.0
135946	88.0
390079	89.0
26188	90.0
219982	91.0
4995	92.0
390197	93.0
283162	94.0
390148	95.0
79346	96.0
121275	97.0
219436	98.0
135924	99.0
26658	100.0
81341	101.0
390883	102.0
390432	103.0
119682	104.0
390323	105.0
219960	106.0
119764	107.0
26248	108.0
219874	109.0
4993	110.0
401665	111.0
390142	112.0
347168	113.0
392392	114.0
135941	115.0
81469	116.0
121129	117.0
135948	118.0
390162	119.0
390882	120.0
340980	121.0
390063	122.0
26687	123.0
255725	124.0
219453	125.0
219858	126.0
282763	127.0
219473	128.0
119695	129.0
219986	130.0
390431	131.0
122740	132.0
128371	133.0
219983	134.0
81470	135.0
391121	136.0
387748	137.0
388761	138.0
390077	139.0
219869	140.0
79544	141.0
390260	142.0
390275	143.0
79310	144.0
284521	145.0
26496	146.0
442179	147.0
128367	148.0
390064	149.0
120065	150.0
441932	151.0
143503	152.0
282770	153.0
403282	154.0
390436	155.0
130075	156.0
81315	157.0
441911	158.0
390538	159.0
26493	160.0
219968	161.0
343406	162.0
219959	163.0
26740	164.0
81282	165.0
26211	166.0
390081	167.0
346517	168.0
79345	169.0
128360	170.0
401973	171.0
390445	172.0
390144	173.0
390157	174.0
256892	175.0
26716	176.0
390083	177.0
284383	178.0
8390	179.0
391211	180.0
338675	181.0
282775	182.0
390437	183.0
79317	184.0
343169	185.0
81168	186.0
391194	187.0
119694	188.0
390191	189.0
390648	190.0
341152	191.0
219469	192.0
23538	193.0
8590	194.0
403277	195.0
127623	196.0
119687	197.0
120586	198.0
403278	199.0
442197	200.0
393046	201.0
26659	202.0
390265	203.0
81472	204.0
119678	205.0
158131	206.0
441608	207.0
390113	208.0
26693	209.0
26189	210.0
127074	211.0
219464	212.0
441639	213.0
390326	214.0
79324	215.0
2792	216.0
390075	217.0
343171	218.0
138882	219.0
219956	220.0
26737	221.0
56656	222.0
26648	223.0
219957	224.0
338662	225.0
391196	226.0
219965	227.0
219431	228.0
390054	229.0
401994	230.0
79470	231.0
81328	232.0
254783	233.0
390038	234.0
341416	235.0
26476	236.0
219958	237.0
10798	238.0
26689	239.0
441669	240.0
4992	241.0
256144	242.0
341418	243.0
8387	244.0
219487	245.0
81300	246.0
403284	247.0
341568	248.0
26664	249.0
219438	250.0
390066	251.0
390199	252.0
134083	253.0
219875	254.0
120066	255.0
219417	256.0
26533	257.0
442184	258.0
390036	259.0
392391	260.0
390201	261.0
390072	262.0
283111	263.0
127066	264.0
8391	265.0
26692	266.0
125962	267.0
119765	268.0
391112	269.0
65944	270.0
119772	271.0
