# Order in which each feature was ranked by the feature-selection algorithm. When cross-validation was used, the values represent average ranks across the folds. Note that these values are calculated on the assumption that all features received a rank, whereas some feature-selection algorithms do not assign ranks to all.
Feature	Rank
9126	1.0
5515	2.0
5690	3.0
79172	4.0
5705	5.0
991	6.0
5048	7.0
23279	8.0
348995	9.0
81929	10.0
10112	11.0
5691	12.0
5716	13.0
2491	14.0
4085	15.0
9985	16.0
5684	17.0
5000	18.0
81930	19.0
5719	20.0
83540	21.0
348235	22.0
5700	23.0
55839	24.0
3619	25.0
80776	26.0
6232	27.0
147841	28.0
5707	29.0
378708	30.0
332	31.0
23595	32.0
5710	33.0
4173	34.0
11243	35.0
5528	36.0
5721	37.0
10403	38.0
5516	39.0
6249	40.0
79003	41.0
5685	42.0
10735	43.0
5704	44.0
84515	45.0
5686	46.0
220134	47.0
23594	48.0
8243	49.0
11130	50.0
4172	51.0
23421	52.0
1870	53.0
990	54.0
5713	55.0
57405	56.0
54820	57.0
1063	58.0
84643	59.0
11004	60.0
6396	61.0
79902	62.0
9493	63.0
5701	64.0
5711	65.0
55746	66.0
5709	67.0
5718	68.0
5518	69.0
9861	70.0
1060	71.0
25936	72.0
23332	73.0
5688	74.0
7514	75.0
55143	76.0
4174	77.0
81565	78.0
5687	79.0
1062	80.0
4999	81.0
9184	82.0
7314	83.0
25909	84.0
51053	85.0
64689	86.0
80152	87.0
9212	88.0
57551	89.0
5694	90.0
55920	91.0
151246	92.0
5708	93.0
23122	94.0
5699	95.0
5714	96.0
79682	97.0
79019	98.0
5885	99.0
5696	100.0
5693	101.0
5717	102.0
5903	103.0
1871	104.0
5702	105.0
26271	106.0
81620	107.0
4928	108.0
9793	109.0
5526	110.0
64105	111.0
22919	112.0
57082	113.0
5682	114.0
151648	115.0
4176	116.0
5695	117.0
5527	118.0
54908	119.0
5905	120.0
55166	121.0
10197	122.0
8379	123.0
5689	124.0
4998	125.0
10274	126.0
1869	127.0
10213	128.0
5519	129.0
9183	130.0
5698	131.0
10726	132.0
55055	133.0
4171	134.0
5501	135.0
5525	136.0
699	137.0
54821	138.0
9491	139.0
3796	140.0
9735	141.0
79980	142.0
4175	143.0
701	144.0
5001	145.0
79023	146.0
5692	147.0
5715	148.0
57122	149.0
91687	150.0
1058	151.0
64946	152.0
5706	153.0
401541	154.0
5683	155.0
5720	156.0
