# Order in which each feature was ranked by the feature-selection algorithm. When cross-validation was used, the values represent average ranks across the folds. Note that these values are calculated on the assumption that all features received a rank, whereas some feature-selection algorithms do not assign ranks to all.
Feature	Rank
3551	3.35
2888	6.55
5728	7.0
1445	9.95
7535	10.95
466	11.6
23657	12.6
9641	13.95
338	14.7
5788	15.4
58494	18.75
5196	18.8
3109	19.0
59307	21.15
284	21.15
51284	22.4
5518	24.7
713	25.65
5197	26.35
51206	26.55
131450	27.4
90952	28.85
9402	29.0
9450	29.05
3695	29.5
920	29.65
3127	30.0
4690	33.1
9046	33.5
79465	33.65
914	33.95
917	38.85
5605	39.45
54106	39.8
714	40.6
10219	41.05
11024	43.95
3386	45.6
965	46.55
5602	49.65
644076	49.8
3684	49.85
3683	51.4
4064	52.05
5519	52.45
10225	53.8
9261	54.1
51378	55.25
51135	56.7
6196	57.0
3687	57.35
7098	58.65
80380	59.05
3932	60.25
7335	60.7
712	63.85
56301	64.8
3725	66.75
84433	67.5
7010	69.0
5604	69.35
148022	74.0
7189	75.25
8517	76.4
925	76.45
1432	76.5
941	80.75
6402	80.8
975	81.85
5606	81.9
3119	84.0
3802	84.8
3821	85.55
55740	86.15
80329	88.75
3678	90.75
2213	90.9
23428	91.05
482	93.1
483	93.8
6566	93.8
4973	93.85
10461	94.0
729	94.7
29126	94.9
1846	95.1
117145	99.05
3384	99.35
23759	99.9
4792	102.5
5058	103.85
3654	104.65
55423	105.5
9056	106.05
7454	107.2
5777	107.25
5601	107.4
4790	108.4
6654	108.6
2214	109.55
7525	111.45
3824	111.55
4067	111.85
6520	112.3
3812	112.5
2207	112.6
4099	112.65
23118	113.9
5525	114.25
50852	114.35
2002	114.85
7096	116.2
5290	118.0
3118	118.55
567	119.05
1675	119.75
5624	119.9
857	121.2
958	123.7
1326	125.0
10859	125.3
5819	127.45
5062	128.7
3805	130.5
10892	132.65
730	134.5
3661	134.95
3811	135.75
23539	136.25
3897	137.15
5527	137.8
23643	138.05
731	138.85
1849	139.55
10454	142.0
4615	142.2
7099	142.6
727	143.4
733	143.75
6464	145.15
735	147.95
11006	148.45
5594	150.6
6403	150.65
5817	150.8
10990	150.9
3635	151.3
11126	151.85
3383	152.3
5175	155.0
8737	155.45
22914	156.3
10333	156.6
5970	158.2
10747	158.9
3804	158.95
3385	160.3
929	161.35
8764	162.2
3115	162.25
3665	162.25
3688	164.85
5648	164.9
11035	165.7
64223	166.2
5588	169.65
135250	169.8
3675	169.95
916	170.5
3803	171.6
56253	172.05
9252	173.6
8519	174.85
3133	176.4
7305	176.8
915	178.65
7056	179.25
51744	179.35
2353	180.8
1493	181.2
481	184.2
51311	186.3
3105	186.5
81793	186.75
23308	188.05
1525	188.1
7100	188.35
7334	188.65
27040	188.65
3676	189.3
5879	189.4
140885	191.25
114609	192.85
5295	195.05
8832	195.8
57761	199.65
2533	201.35
4345	204.55
3107	207.1
715	207.75
4893	208.15
120425	208.3
3125	210.05
4793	210.35
10288	210.75
5515	211.0
5335	211.95
8140	212.0
1278	212.4
2886	213.75
4276	213.8
2621	216.9
3806	217.05
5296	217.45
3690	217.85
6197	218.3
3655	218.5
208	219.1
717	219.65
6693	220.05
7314	220.05
718	220.6
285	221.15
3122	222.7
1147	223.15
3112	224.7
3845	225.15
3113	225.3
7867	226.15
6885	226.35
7097	226.9
5516	228.15
10870	229.9
1848	233.3
5609	234.05
151888	234.3
5291	235.75
29851	237.8
6404	241.0
940	241.1
6714	241.7
4312	241.85
30849	243.15
10666	245.05
3106	245.6
3929	246.05
253260	246.35
257397	246.35
3685	246.4
207	246.65
1845	246.85
4277	247.15
5133	247.7
5599	247.85
926	247.9
942	250.2
8915	251.5
9123	252.05
3265	253.8
55824	254.2
962	254.75
3702	256.15
2534	256.3
3123	256.4
51466	257.6
11213	257.85
720	258.0
83700	258.15
716	258.55
4214	258.6
10000	258.95
57126	259.1
3135	259.25
5526	259.7
947	259.85
5781	260.35
2335	261.15
998	261.2
11136	261.5
5600	262.6
3689	263.65
7412	265.7
5627	267.45
5608	268.2
4791	269.85
732	270.95
999	271.6
8411	271.8
1277	271.9
7408	274.35
64145	274.35
8174	274.7
6195	275.7
7409	276.25
959	276.4
3937	277.65
5595	278.4
51295	279.5
629	280.7
5598	281.2
50848	282.0
4153	282.2
3111	282.5
1385	282.6
6416	283.35
930	283.95
5528	284.25
9057	285.05
1386	285.4
54210	286.0
5289	286.15
3117	288.15
8767	288.8
5478	288.9
2885	291.3
9020	291.4
4205	291.85
29110	294.4
919	295.35
11025	295.35
682	296.7
3108	296.85
3134	297.05
353376	297.1
79109	298.4
4208	301.65
2475	302.75
961	302.85
5170	303.05
