# Order in which each feature was ranked by the feature-selection algorithm. When cross-validation was used, the values represent average ranks across the folds. Note that these values are calculated on the assumption that all features received a rank, whereas some feature-selection algorithms do not assign ranks to all.
Feature	Rank
788	7.944444444444445
51302	9.444444444444445
166929	9.61111111111111
2180	10.61111111111111
5566	13.0
1583	13.666666666666666
2167	15.222222222222221
4547	16.166666666666668
81537	17.38888888888889
5408	17.666666666666668
8800	18.0
3293	19.055555555555557
3990	20.61111111111111
2531	21.0
9023	21.27777777777778
183	22.555555555555557
1632	24.22222222222222
56895	24.61111111111111
125981	25.5
348	28.555555555555557
5034	29.055555555555557
1582	29.27777777777778
622	29.666666666666668
23600	30.444444444444443
649	30.833333333333332
2819	31.055555555555557
1586	31.555555555555557
8310	33.05555555555556
11001	33.833333333333336
8611	33.94444444444444
6718	34.166666666666664
91734	34.5
5007	35.166666666666664
55331	36.05555555555556
5465	36.611111111111114
8714	37.333333333333336
51	37.888888888888886
4199	38.5
10558	39.77777777777778
6907	40.94444444444444
23054	41.22222222222222
10858	43.166666666666664
51128	44.22222222222222
6554	45.22222222222222
64241	45.22222222222222
6770	49.333333333333336
80270	49.94444444444444
5346	51.111111111111114
857	54.166666666666664
3339	54.388888888888886
5019	56.05555555555556
6713	58.111111111111114
8560	59.388888888888886
6319	60.5
6514	60.666666666666664
9517	64.5
7108	65.27777777777777
1584	65.44444444444444
3158	68.11111111111111
6256	68.66666666666667
29881	73.88888888888889
4047	74.22222222222223
8309	74.83333333333333
10654	75.05555555555556
6555	75.94444444444444
9217	77.44444444444444
3992	77.55555555555556
949	77.83333333333333
3284	78.33333333333333
151742	80.0
6307	83.55555555555556
9619	83.88888888888889
1071	84.38888888888889
8879	86.05555555555556
1666	86.16666666666667
3033	87.05555555555556
10087	87.61111111111111
19	88.83333333333333
6604	92.16666666666667
8648	92.16666666666667
50814	92.66666666666667
253782	93.77777777777777
29956	94.0
1384	96.16666666666667
1585	96.33333333333333
9420	97.33333333333333
55711	99.77777777777777
38	101.0
85441	101.0
570	101.27777777777777
338	102.27777777777777
3295	102.55555555555556
3155	102.83333333333333
8694	105.44444444444444
2820	105.61111111111111
336	107.5
7350	107.77777777777777
7363	107.94444444444444
55304	109.72222222222223
33	110.11111111111111
8029	110.16666666666667
5499	111.27777777777777
51129	111.66666666666667
5244	112.5
1581	113.0
10599	113.94444444444444
8647	114.55555555555556
376497	115.5
96764	116.11111111111111
9415	116.22222222222223
130367	116.38888888888889
26061	116.72222222222223
335	117.66666666666667
6342	119.0
5406	120.77777777777777
213	123.55555555555556
3290	123.88888888888889
3991	124.83333333333333
54677	125.5
1892	126.83333333333333
3157	127.44444444444444
5360	127.88888888888889
5587	128.66666666666666
51099	129.38888888888889
9612	129.5
1387	130.11111111111111
5568	130.33333333333334
1588	130.66666666666666
344	131.22222222222223
8540	131.22222222222223
5264	135.16666666666666
10998	135.33333333333334
3930	135.77777777777777
8202	137.33333333333334
2222	137.5
10005	137.55555555555554
2172	138.11111111111111
6309	139.0
6382	139.11111111111111
5469	139.22222222222223
204219	139.44444444444446
1962	139.5
123099	139.55555555555554
57678	139.66666666666666
948	140.16666666666666
6579	140.83333333333334
5501	141.88888888888889
11343	143.44444444444446
28234	144.66666666666666
10682	145.5
55326	145.83333333333334
1455	146.16666666666666
345	147.72222222222223
3931	148.61111111111111
3422	148.88888888888889
3030	149.44444444444446
64240	150.22222222222223
56894	150.61111111111111
8443	150.94444444444446
10062	152.38888888888889
8841	153.88888888888889
32	154.33333333333334
23309	154.94444444444446
80765	156.44444444444446
10554	157.22222222222223
91012	157.55555555555554
34	158.44444444444446
79718	158.61111111111111
116519	159.77777777777777
337	160.0
37	161.83333333333334
9611	162.0
3032	162.05555555555554
10555	162.22222222222223
3949	163.5
9218	164.94444444444446
10478	165.0
147323	165.33333333333334
31	166.38888888888889
2710	166.83333333333334
1208	167.05555555555554
5500	168.05555555555554
123	170.61111111111111
10498	171.61111111111111
1376	171.94444444444446
2	172.5
6720	172.77777777777777
3283	173.88888888888889
2194	175.0
1718	176.05555555555554
8613	176.66666666666666
259230	176.94444444444446
1109	177.33333333333334
81693	177.55555555555554
6822	178.22222222222223
8877	178.5
4023	178.77777777777777
3417	180.38888888888889
1593	180.83333333333334
30	180.83333333333334
4598	181.66666666666666
4597	182.55555555555554
35	182.83333333333334
1579	183.5
79603	184.72222222222223
8612	184.88888888888889
25942	185.0
84188	187.44444444444446
9453	187.5
1056	188.27777777777777
10499	188.44444444444446
5567	190.05555555555554
80205	191.11111111111111
26119	196.22222222222223
1374	196.72222222222223
1717	198.33333333333334
3156	198.72222222222223
56848	203.33333333333334
