# Order in which each feature was ranked by the feature-selection algorithm. When cross-validation was used, the values represent average ranks across the folds. Note that these values are calculated on the assumption that all features received a rank, whereas some feature-selection algorithms do not assign ranks to all.
Feature	Rank
1445	3.45
2247	4.9
3691	7.1
54434	10.7
9459	12.75
8503	13.1
8074	13.5
5962	14.15
5154	17.05
8396	17.65
88	18.15
1073	19.25
23396	19.75
56924	20.4
2245	20.5
57144	21.1
2248	21.2
10093	21.55
54961	22.75
5747	23.25
5155	24.55
5499	25.5
2250	28.0
4478	29.25
5605	29.9
3684	30.7
2253	32.65
23533	33.0
9564	33.2
10627	39.15
4659	39.15
3682	39.2
56034	39.7
1128	41.6
623	41.65
7114	41.9
5604	44.6
60	45.35
5305	47.0
8823	47.25
624	47.75
6237	48.3
3674	50.1
10297	50.15
6548	50.45
10163	50.55
5290	50.95
1729	51.8
58498	52.15
10092	53.35
5594	57.25
2251	57.3
22808	57.5
1399	58.95
28964	60.35
5293	60.55
3679	60.8
1950	60.9
9965	62.8
1133	64.25
7430	64.7
2246	64.9
80310	67.1
324	67.95
10458	68.5
3645	68.9
55845	69.55
55740	70.7
5500	71.35
3687	73.6
3655	74.3
5296	75.6
5159	76.45
3683	78.1
27006	79.75
2255	84.35
5058	84.9
6654	85.15
89846	85.25
4636	85.85
29895	86.05
4342	87.1
5880	87.65
2258	87.75
71	88.25
2261	88.35
8395	88.5
3690	90.95
10451	93.15
10552	93.4
26999	94.3
93408	94.6
5294	96.45
10298	97.65
8516	97.8
3689	98.3
1131	105.25
7074	105.45
4893	106.2
7410	106.55
4638	106.6
3695	108.1
2335	109.05
55970	109.15
3984	109.9
81	110.9
2149	111.75
5295	113.5
6093	113.85
200576	114.8
5291	116.6
7454	117.0
3680	117.35
5879	119.35
3673	120.8
22801	121.35
3675	122.7
1398	124.25
2263	124.3
7414	124.4
673	125.45
5063	125.6
2909	125.75
81624	126.15
3672	126.2
2260	126.25
85477	127.15
8874	128.65
3071	132.35
10672	134.3
9087	134.7
5216	135.45
10152	135.85
3845	136.65
26281	137.35
26291	138.6
2934	138.8
2254	138.95
1129	141.1
2264	141.15
87	141.75
5829	142.3
2256	142.45
5156	144.4
2249	144.9
8826	146.4
5595	147.4
653888	147.85
3985	148.4
3676	148.6
7409	148.65
10788	148.85
26230	150.4
8515	151.1
5881	151.5
4633	152.3
3678	152.9
10109	154.6
998	155.15
375189	155.95
91807	156.4
8936	156.6
9138	157.25
3681	157.7
10095	159.45
1072	160.8
2768	162.25
79784	162.7
1956	163.0
10787	163.3
79837	164.15
1132	164.5
387	164.75
23191	164.9
5062	165.5
81873	166.5
5894	166.65
3630	168.4
50649	169.2
2257	170.4
7117	170.6
6655	170.8
5501	171.5
103910	173.05
10094	173.45
3265	174.15
369	174.2
929	174.55
8817	174.55
85366	175.55
2259	176.1
8976	178.25
8394	178.9
89	178.9
345456	179.15
85464	180.1
22800	181.45
1793	181.75
4627	182.1
3693	184.2
2252	184.7
4628	185.05
1730	185.15
3696	188.2
8822	188.25
3694	188.4
128239	189.1
10398	190.35
3688	193.1
5217	197.95
9475	199.85
23365	200.5
3685	202.3
