107
108
10800
109
11261
1128
1129
113
113026
1131
1133
1139
114
115
135
136
146
147
148
153
154
155
163688
1812
1816
185
1909
1910
1956
196883
2064
2065
2066
2149
2185
22953
23236
2767
2769
2774
2776
2778
2902
2903
2905
2906
291
2911
2915
292
2925
293
3269
3274
3356
3357
3358
3360
3361
3362
3363
3706
3707
3708
3709
3710
3973
4638
4842
4843
4846
487
488
489
490
491
492
4923
493
5021
5023
5024
5025
5026
5027
51196
5136
5137
5153
5156
5159
51806
5255
5256
5257
5260
5261
5330
5331
5332
5333
5335
5336
5350
5481
552
553
5530
5532
5533
5534
5535
5566
5567
5568
5578
5579
5582
5613
56413
56848
57105
5724
5731
5733
5737
623
624
6261
6262
6263
63928
6543
6546
6547
683
6865
6869
6870
6915
7125
7134
7201
7220
7416
7417
7419
773
774
775
776
777
778
779
801
805
808
810
814
815
816
817
818
83447
84812
85366
886
887
8877
8911
8912
8913
89869
9127
91807
952
9630