10063
10312
10476
10632
10975
125965
126328
127124
1327
1329
1337
1339
1340
1345
1346
1347
1349
1350
1351
1352
1353
1355
1537
155066
170712
23545
245972
245973
27068
27089
29796
341947
374291
440567
4508
4509
4512
4513
4514
4519
4535
4536
4537
4538
4539
4540
4541
4694
4695
4696
4697
4698
4700
4701
4702
4704
4705
4706
4707
4708
4709
4710
4711
4712
4713
4714
4715
4716
4717
4718
4719
4720
4722
4723
4724
4725
4726
4728
4729
4731
479
495
496
498
506
50617
509
51079
513
51382
514
515
516
51606
517
518
521
522
523
525
526
527
528
529
533
534
535
537
539
54539
5464
55967
56901
6389
6390
6391
6392
64077
7381
7384
7385
7386
7388
84701
8992
90423
9114
9167
9296
9377
9550
9551