10000
1017
1019
1021
1026
1027
1029
10297
1030
10319
10342
10401
1050
10928
11186
11211
112398
112399
1147
1163
1282
1284
1286
1287
1288
1387
1398
1399
1436
1438
1441
1487
1488
1495
1496
1499
1612
1613
1630
1855
1856
1857
1869
1870
1871
1950
1956
2033
2034
2064
207
208
2113
2122
2246
2247
2248
2249
2250
2251
2252
2253
2254
2255
2256
2257
2258
2259
2260
2261
2263
2271
2277
22798
2308
2322
2323
2335
2353
23533
23604
23624
2475
25
2535
26060
26281
26291
27006
27148
2735
2736
2737
284217
2885
29119
2932
2950
2956
3065
3066
3082
3091
324
3265
329
330
331
332
3320
3326
3479
3480
354
355
3551
356
3569
3576
3655
367
3673
3674
3675
3685
3688
369
3716
3725
3728
3815
3845
387
3908
3909
3910
3911
3912
3913
3914
3915
3918
405
4087
4088
4089
4149
4193
4233
4254
4286
4292
4312
4313
4318
4436
4437
4609
4790
4791
4792
4824
4843
4893
4914
51176
51384
5154
5155
5156
51588
5159
51684
5228
5290
5291
5293
5294
5295
5296
5335
5336
5337
5371
54205
54361
54583
5467
5468
5578
5579
5582
5594
5595
5599
5601
5602
5604
5605
572
5727
5728
5743
5747
581
5879
5880
5881
5888
5894
5898
5899
5900
5914
5915
5925
595
596
5970
5979
598
613
6256
6257
6258
637
64399
6469
650
6502
6513
652
652346
6608
6654
6655
6688
673
675
6772
6774
6776
6777
6789
6921
6923
6932
6934
7039
7040
7042
7043
7046
7048
7157
7170
7175
7184
7185
7186
7187
7188
7189
7422
7423
7424
7428
7471
7472
7473
7474
7475
7476
7477
7478
7479
7480
7481
7482
7483
7484
7704
7849
7855
7976
8030
8031
80326
8074
81029
8312
8313
8321
8322
8323
8324
8325
8326
83439
83593
836
841
842
8453
8503
8517
8554
861
862
8643
867
868
8772
8817
8822
8823
8900
89780
898
9063
9134
9618
9915
9965
9978
998
999