10000
100137049
10125
10235
10368
10369
10454
10746
10912
11072
11184
11221
11261
1147
115727
123745
1326
1386
1398
1399
1432
1616
1647
1649
1843
1844
1845
1846
1847
1848
1849
1850
1852
1950
1956
2002
2005
207
208
2122
2246
2247
2248
2249
2250
2251
2252
2253
2254
2255
2256
2257
2258
2259
2260
2261
2263
2264
22800
22808
23118
2316
23162
2317
2318
2353
23542
25780
26279
26281
26291
27006
27091
27092
27330
2768
2872
2885
30814
3164
3265
3303
3304
3305
3306
3310
3312
3315
355
3551
3552
3553
3554
356
3725
3727
3845
391013
3925
408
409
4137
4149
4208
4214
4215
4216
4217
4296
4342
4609
4616
468
4763
4773
4776
4790
4791
4803
4893
4908
4909
4914
4915
50487
5058
5062
51295
51347
5154
5155
5156
5159
51701
51776
5319
5320
5321
5322
5494
5495
5530
5532
5533
5534
5535
5536
5566
5567
5568
5578
5579
55799
5582
5594
5595
55970
5598
5599
5600
5601
5602
5603
5604
5605
5606
5607
5608
5609
5613
56940
57551
5778
5801
5871
5879
5880
5881
5894
5906
5908
5921
5922
5923
5924
59283
59284
59285
5970
5971
6195
6196
6197
6237
627
6300
63928
6416
64600
6654
6655
6722
673
6788
6789
6885
7040
7042
7043
7046
7048
7124
7132
7157
7186
7189
773
774
775
776
777
778
7786
779
781
782
783
784
785
7850
786
7867
8074
80824
81579
836
8398
8399
84647
84867
8491
8517
8550
8569
8649
8681
8817
8822
8823
8911
8912
8913
8986
9020
9064
9175
9252
9254
9261
929
9344
93589
9448
9479
9693
994
9965
998