100
10201
10606
10621
10622
10623
107
10714
108
10846
109
111
11128
11164
112
113
114
115
122481
122622
124583
132
158
159
1633
171568
1716
196883
203
204
205
221823
2272
22978
23649
246721
25885
2618
26289
270
271
27115
272
2766
2977
2982
2983
2984
2986
2987
29922
3000
30833
30834
318
3251
353
3614
3615
3704
377841
471
4830
4831
4832
4833
4860
4881
4882
4907
50484
50940
51082
51251
51292
5136
5137
5138
5139
5140
5141
5142
5143
5144
5145
5146
5147
5148
5149
5150
5151
5152
5153
5158
5167
5169
51728
5198
5236
5313
5315
53343
54107
5422
5424
5425
5426
5427
5430
5431
5432
5433
5434
5435
5436
5437
5438
5439
5440
5441
5471
548644
55276
5557
5558
55703
55718
55811
55821
5631
5634
56655
56953
56985
57804
58497
6240
6241
64425
646625
654364
661
7498
8382
84172
84265
84284
84618
8622
8654
87178
8833
9060
9061
93034
953
9533
954
955
956
957
9583
9615