10023
100506332
10297
10725
11197
11211
11261
122011
1387
144165
1452
1454
1457
1459
1460
1487
1488
1499
166336
1855
1856
1857
2033
22943
23002
23236
23291
23401
23500
2535
27101
27121
27123
2932
324
3725
387
4040
4041
4087
4088
4089
4316
4609
4772
4773
4775
4776
51176
51384
51701
5330
5331
5332
54361
5467
5515
5516
5518
5519
5525
5526
5527
5528
5529
5530
5532
5533
5534
5535
5566
5567
5568
5578
5579
5582
5599
5601
5602
5613
5663
56998
57216
57680
5879
5880
5881
59343
595
6093
63928
6422
6423
6424
6425
64321
6477
64840
6500
6885
6907
6932
6934
7157
7471
7472
7473
7474
7475
7476
7477
7478
7479
7480
7481
7482
7483
7484
7855
79718
7976
80319
80326
8061
81029
815
816
817
818
81839
8312
8313
8321
8322
8323
8324
8325
8326
83439
8454
85407
85409
8607
894
8945
896
89780
90665
9350
9475
9978