10000
10288
10326
10379
10454
10859
10990
11006
11024
11025
11026
11027
1147
126014
1385
140885
1432
1435
1436
1513
1535
1536
1540
207
208
2209
2212
2213
2214
2215
2274
23118
2353
23533
2354
23547
2355
2534
27035
2885
29760
3454
3455
3456
3458
3459
3460
3551
3552
3553
3554
3690
3716
3725
3726
3727
3932
3937
4286
4688
4689
4772
4773
4790
4791
4792
4982
50508
5290
5291
5293
5294
5295
5296
5336
54
54209
5468
5530
5532
5533
55423
5594
5595
5599
5600
5601
5602
5603
5604
5608
5609
5879
5970
5971
6300
653361
6688
6772
6773
6850
6885
695
7006
7040
7042
7046
7048
7124
7132
7186
7189
7297
7305
79168
799
8061
814
8503
8517
8600
8651
8792
8878
9020
9021
9103
9846