100507436
10451
10725
10870
11261
117157
135250
1437
154064
2185
2207
2214
2215
22914
23533
2534
25759
259197
27040
2885
3002
3105
3106
3107
3133
3135
3265
3383
3384
3439
3440
3441
3442
3443
3444
3445
3446
3447
3448
3449
3451
3452
3454
3455
3456
3458
3459
3460
353091
355
356
3683
3689
369
3802
3803
3804
3805
3806
3808
3809
3810
3811
3812
3821
3822
3823
3824
3845
3932
3937
399694
4068
4277
4772
4773
4775
4776
4893
5058
51744
5290
5291
5293
5294
5295
5296
5335
53358
5336
5530
5532
5533
5534
5535
5551
5578
5579
5582
5594
5595
5604
5605
57292
5777
5781
5879
5880
5881
5894
637
63928
6452
6464
6654
6655
673
6850
7124
7305
7409
7410
7535
79465
80328
80329
836
8503
8743
8793
8794
8795
8797
919
9436
9437
962