100289713
100506332
10113
10130
10134
10273
10277
10294
10299
10427
10477
10483
10484
10525
10802
10808
10905
10952
10956
10960
10961
10970
11231
11253
118424
1388
1409
1410
143630
1603
1649
1650
1965
201595
2081
22824
22872
22926
23193
23471
23480
23640
23645
258010
25956
26232
26270
267
27102
27248
285126
2923
29927
29978
29979
30001
3300
3301
3303
3304
3305
3306
3309
3310
3312
3320
3326
3337
3703
3998
4121
4217
4287
440275
468
4780
5034
50613
5071
51009
51128
51360
51465
51619
51726
54431
54788
55176
55432
55666
55741
55757
55768
55829
5589
55968
5599
5601
5602
5609
5610
5611
56605
56681
56886
56893
57134
573
578
581
5886
5887
596
6048
6184
6185
6238
6396
6400
64215
64374
6500
6745
6746
6747
6748
7095
7184
7186
7321
7322
7323
7324
7325
7326
7327
7353
7415
7466
7494
7841
79139
79748
7991
80267
80331
80700
811
81567
821
823
824
84447
8454
85479
8720
91319
92552
9373
9451
9532
9601
9632
9695
9709
9871
9978