10000
10251
10252
10253
10254
10379
10401
11009
1154
116379
122809
1270
1271
1387
1437
1438
1439
1440
1441
1442
1489
149233
161742
163702
200734
2033
2056
2057
207
208
23529
23533
23624
2688
2689
2690
282616
282617
282618
2885
29949
30837
338376
3439
3440
3441
3442
3443
3444
3445
3446
3447
3448
3449
3451
3452
3454
3455
3456
3458
3459
3460
3467
3558
3559
3560
3561
3562
3563
3565
3566
3567
3568
3569
3570
3572
3574
3575
3578
3581
3586
3587
3588
3589
3590
3592
3593
3594
3595
3596
3597
3598
3600
3601
3716
3717
3718
3952
3953
3976
3977
4352
4609
5008
50604
50615
50616
51561
51588
5290
5291
5292
5293
5294
5295
5296
53832
53833
55801
5617
5618
56832
5777
5781
58985
59067
595
598
64109
6654
6655
6772
6773
6774
6775
6776
6777
6778
7173
7297
8027
81848
8503
85480
8554
8651
867
868
8835
894
896
9021
9063
9180
9655