10990
3683
947
3538
3676
3537
1525
3539
3135
644076
930
3695
6402
11006
7412
3688
3689
135250
79465
2214
2213
10870
10225
925
28799
28908
926
131450
100132285
28793
28791
3514
28795
919
3134
3133
28442
10219
915
916
917
11025
11024
8174
718
6957
22914
6955
10288
11126
5817
28639
5819
999
10859
56253
3824
3821
28776
3384
3385
3386
3383
28774
3107
3106
28775
28772
4345
28770
3105
3811
3812
975
10666
7305
28783
28784
28785
28786
28781
28802
28299
3802
8519
3805
28378
3806
80329
3803
80328
3804
4277
4276
28814
28813
28816
28811
959
958
28577
28826
567
28825
120425
28823
