5230
59345
374291
51085
7167
4513
539
4512
6616
4514
5224
5223
1329
1327
4508
4509
10476
32
51764
31
2023
5214
23530
1431
27089
513
6888
2597
516
515
514
92335
226
229
522
521
6389
2821
114
115
112
113
2110
111
8050
2109
4967
6392
6390
6391
94235
2108
53632
196883
7381
5313
5315
7388
7386
7385
7384
4541
4540
6794
5213
10975
5210
4731
5211
4538
4539
4536
4537
5516
5515
5209
4535
5518
5208
10632
5207
5519
7086
126328
4728
47
4729
4724
4723
4726
4725
4720
4722
8802
5528
10554
8803
8801
50
55437
29796
2645
5166
4698
5164
4697
2642
5165
2641
5162
5163
5160
9551
51422
4191
9254
1376
1375
4695
4696
81617
4694
3420
54539
6804
2788
2787
2784
2783
2786
2785
6945
2790
2770
2791
2771
2271
5565
109
5564
3419
108
54331
5563
3418
107
5562
9167
55066
6812
9377
10411
57546
5566
293
5567
5568
2778
292
2775
498
291
2180
54205
2782
5571
5573
5576
5575
3421
26330
1351
783
1350
784
788
5577
6514
6513
2194
55811
1349
3630
1345
773
506
1340
776
509
777
775
230
6833
51719
1337
4709
4707
1743
4708
4705
4706
4704
4701
6844
4702
4700
55970
2027
2026
54704
4716
4717
4718
4719
4712
1738
4713
1737
4714
51079
4715
5091
4710
4711
55967
1537
3767
6861
11069
