284098
6204
6205
6206
6207
6208
6209
11328
6210
1973
1974
1975
1725
1977
6499
22803
1978
8877
3921
6217
6218
8733
10471
1983
1981
6224
1984
6223
56648
6222
55650
7203
113457
6468
347733
84790
8858
54872
23521
8237
5627
5624
128869
6203
6202
6201
908
11224
7846
23556
10382
10383
2677
10381
26190
2107
5329
63971
10376
10575
10576
10574
9487
6191
9488
6192
6193
51121
6194
56604
3801
4736
7278
5204
5203
8818
9091
7277
10564
8813
60
5201
5202
7458
728689
51227
9349
2147
6160
6161
6164
6165
6168
6167
10694
6169
9045
8668
8669
27335
2155
2159
2158
7280
23708
6155
6154
6152
6159
6158
6157
6156
7411
80031
26986
26985
2621
6181
83752
10528
6189
5045
1915
6950
94005
6188
6187
6173
6171
81027
84720
26270
6170
10517
8663
8662
8661
8667
26272
6176
8666
6175
8665
8664
80055
54344
51604
10026
83475
84617
1936
6122
1933
6123
6124
93183
6125
1938
1937
2197
26224
22948
54461
7311
55294
25873
54965
5277
3646
5279
6146
6147
6141
6142
6143
6144
9669
5281
6905
8890
8892
6902
8891
8894
6904
8893
6903
6139
84261
6138
5283
6136
6137
1155
6134
26234
6135
1967
6132
6133
6130
1968
6231
6232
1965
6230
1964
6235
6233
6234
6229
6228
6227
6129
6128
