5230
59345
152
374291
150
7167
4513
539
4512
6616
4514
5224
5223
1329
3710
1327
4508
4509
10476
51764
2023
5214
3747
23530
3745
1431
27089
513
2597
516
515
514
226
229
522
521
6389
2821
5330
114
23236
112
2110
5331
111
8050
2109
4967
6392
9495
6390
6391
94235
2108
7381
4082
8826
5313
5315
7388
7386
7385
7384
3708
3709
4541
4540
5213
10975
5210
4731
5211
4538
4539
4536
4537
5209
4535
5208
10632
5207
126328
5906
5908
4728
4729
4724
4723
4726
4725
4720
4722
8802
8803
2864
8801
50
29796
2645
4698
4697
2641
5162
5160
2740
9551
4191
26251
9254
4695
4696
4694
3420
54539
2769
6804
2788
2787
2767
2784
2783
2786
2785
2790
2770
2791
2771
2792
2271
2793
1131
3419
54331
3418
9167
9630
6812
9377
10411
5566
293
2776
10681
5567
5568
2778
292
2775
498
291
54205
2782
5573
5576
5575
3421
26330
1351
783
1350
784
5578
5577
6514
6513
1349
3630
1345
773
506
1340
776
509
777
775
230
6833
3790
1337
4709
1743
4707
4708
4705
4706
4704
4701
6844
4702
4700
55970
2027
2026
4716
4717
4718
4719
4712
1738
4713
1737
4714
51079
4715
5091
4710
4711
55967
1537
3767
6861
11069
