5436
55749
5437
4799
5434
1477
5435
1479
9343
1478
5438
5439
10291
10992
10921
220988
5440
5441
4686
4116
23451
51362
23450
8683
10907
11338
10914
8243
10421
8106
51692
27316
10946
10949
4809
10181
51585
57819
8175
2963
2962
22916
5431
10594
5430
5433
5432
10189
9416
11051
83443
9410
3191
3192
3190
29894
23020
53981
10236
1660
24148
9295
3187
7307
3188
3183
3184
3185
3181
9785
65109
79869
6637
6635
6636
6633
6634
11100
10978
3178
9128
10262
84844
2521
4904
6431
6626
9939
6432
6627
4670
6628
6629
22826
6430
6625
5093
5094
5725
57794
51639
6429
6428
6632
10250
6427
6426
