2147
2149
6019
5021
5539
6349
6347
5020
6348
6870
51083
6352
6869
6351
5368
5540
1524
6866
6356
6865
6354
885
414062
886
2150
2151
887
4923
4828
4829
5443
2852
4922
5179
5173
4889
4295
122042
4886
1906
4887
339403
1907
1909
1908
6361
6364
59350
6363
6366
10911
6368
6367
7200
283869
7201
6360
8862
6752
6753
1910
6750
6751
728
727
6376
2837
6375
623
6374
6373
6372
10803
729230
6370
624
2832
2831
2834
2833
10886
23620
187
10887
128674
6387
2826
719
718
183
2829
185
2587
10022
186
6755
6754
51289
3627
84109
84634
3640
84432
2919
4852
60675
3827
10850
643
9002
7852
3579
3577
4157
56477
3576
4159
50865
4158
301
51052
3814
117579
5697
1232
1233
1234
10663
1235
1236
1237
1238
4160
4161
58191
594857
256933
51554
2359
2358
2357
1230
6846
8620
10563
8484
4987
4988
4985
8811
4986
387129
554
552
553
551
2925
64106
5196
2920
2921
2922
257313
2862
4283
3060
6863
5473
347148
3061
3062
57007
2532
