3005
3006
8743
331
9861
3009
2339
3007
5533
3008
5534
8737
1829
1828
10134
6093
5747
207
22985
90427
5366
4836
51765
3002
2620
317
8655
56616
7186
27113
10018
5699
5698
8428
596
7529
3837
598
3836
329
10213
324
1830
5339
7431
1832
3024
54205
4950
999
843
63967
842
841
840
1869
7027
7124
5682
5062
5686
5685
9414
4000
118
5684
4001
5683
9491
8772
8837
10197
572
578
5580
79658
637
5708
5588
5709
5706
5707
581
5691
5704
5690
5705
5693
5702
839
5692
7314
5695
5700
28988
5694
5701
836
5696
7132
5687
5688
5689
5317
5717
5718
5719
5599
2934
140735
660
5710
5711
5713
5714
5715
6709
5716
1499
8795
7082
8717
4137
5720
5721
1676
355
1677
356
