64805
5733
5539
59345
51083
10692
152
59340
6352
150
5368
151
5540
5443
2852
5179
5173
2652
5030
4889
1901
1902
728458
1903
4886
339403
4887
3352
3351
3354
6364
6363
6366
3350
6368
51764
283869
1813
1814
1815
2841
2840
6360
6010
6752
8862
6753
6750
6751
2788
2787
2784
1129
2783
2786
2785
2770
2790
2771
2791
728
221391
2792
727
2793
623
1132
6374
109
6373
54331
108
6372
107
10803
729230
6370
624
1269
1268
2832
2831
2833
187
10681
2779
2773
9568
6387
2780
2826
719
2781
9170
718
2782
183
2587
10022
186
611
5956
6755
6754
23596
51289
3627
114
115
112
2919
113
4852
11255
111
3827
10850
643
846
8843
55811
7852
3579
11251
3577
94235
165140
56477
3576
53637
50865
301
9290
117579
196883
5697
9294
1232
4543
1233
4544
1234
10663
1235
1236
1237
58191
338442
256933
134
2359
2358
2357
8698
53829
1230
3361
3355
10563
8484
4987
4988
4985
8811
4986
55970
2550
9934
5196
2920
2921
23566
5995
4283
5473
140
57007
