2645
9349
6160
6161
6204
6164
6205
6206
6207
6165
6208
6168
6167
6209
6169
9045
4825
6210
4821
3921
6155
6217
6154
6218
6152
6159
6158
207
6157
208
6156
10000
6224
6223
6222
6181
389692
6189
6188
6187
6173
6171
6170
2308
23521
6176
6175
6203
6202
6201
11224
6122
6123
6124
6125
6514
6927
2197
3630
3651
7311
25873
5313
6191
6192
51121
6193
6194
6146
6147
6141
6142
6143
6144
4736
5080
3174
3171
3172
6139
6138
3170
6136
6137
6134
6135
6132
6133
6130
6231
6232
6230
3375
6235
6233
6234
6229
6228
6227
6129
6128
