4660
4882
2983
113
135
27345
5894
147
136
30814
3710
5320
185
4881
91807
9475
5566
10242
140465
10266
157855
805
5595
2982
5500
9826
64600
5578
3708
1579
4659
123745
8399
10268
163688
5580
2977
553
387
5332
9138
5588
5592
800
779
111
114
94274
5581
778
5499
81579
10672
8681
27094
10267
72
84647
2768
23365
5604
5330
5605
148
810
5594
107
196883
5567
50487
391013
108
4638
112
2767
51806
5739
3709
801
369
673
109
5568
5322
1909
4637
85366
23236
2776
8398
5331
10398
10203
5321
5583
146
552
808
2778
284541
