23433
4983
10144
5924
221472
10928
89839
9322
9181
9908
91614
50650
343578
9459
58504
5879
398
9901
171177
7074
4952
387
998
79822
6453
5881
391
54509
26230
23229
257106
9824
2245
23370
55114
94134
58480
1894
6655
55789
84033
8874
5296
9886
1123
396
5880
23365
10451
50649
397
9828
79658
158763
399
64857
89941
388
23263
23526
4168
9743
57580
613
90627
57381
392
55635
64333
7204
3633
29127
5923
2
8997
394
395
93663
27237
23380
85360
51291
2664
116985
80728
393
55288
121512
9938
64411
116984
389
55843
1124
57569
7410
84986
9754
117289
9912
