3007
8837
5747
1499
4001
5705
1832
8772
63967
3024
1830
140735
2934
2620
839
841
28988
1828
7124
4137
840
5339
5704
79658
7431
598
5711
5700
5599
27113
10213
999
7186
5687
5317
5702
10197
118
10134
5707
5696
8717
596
5713
5534
5686
8737
660
5062
7314
5708
5699
8743
329
8795
5721
90427
9491
5698
9861
3008
5683
572
8655
2339
1676
5709
5366
5719
5691
7082
5718
56616
5716
3837
5701
6093
7027
331
5580
7132
5715
5720
10018
842
5688
1677
54205
5684
3836
5588
9414
637
355
22985
5714
5706
4000
317
3009
7529
6709
1829
356
207
4950
578
5689
836
581
5717
5690
3006
843
5685
5693
5533
5682
4836
51765
1869
5695
5710
8428
324
