10126
387
221472
1211
135
4915
6456
1175
7249
5137
83464
5515
2889
5924
6868
6014
5125
4205
8874
9181
5170
9459
107
156
5296
23421
9261
23370
4974
1432
5046
4168
23229
84033
5879
5566
5906
5584
113
109
196883
5594
4193
9828
8660
5153
572
5575
6453
116
5519
6655
1846
6199
25759
3845
5045
64223
5599
5664
23365
5900
207
2931
7314
5728
57761
4208
3708
7189
5568
7074
4792
64857
27018
23263
112
5899
6464
5663
5894
5136
4803
814
835
8997
50650
1027
121512
1845
393
53358
1147
253260
108
6016
673
2245
79109
5604
