79959
83540
55920
81930
5048
80321
993
5705
9985
4085
246184
898
64105
79003
6657
10844
51659
10733
5707
22994
23421
5526
81929
7027
80776
4173
5691
995
26271
9212
4172
5558
79172
994
2237
8655
378708
6232
147841
348235
79980
991
11065
7465
22897
9232
7283
22919
10426
7298
1017
25936
896
9126
5427
5515
6118
5711
983
348995
23595
401541
5577
5709
55839
10383
9088
6502
55142
5516
10926
10735
5001
6500
151648
3978
990
64682
55143
5984
3619
5985
1639
5108
5000
114791
1874
84515
10112
220134
5527
5686
332
8317
23279
6117
11243
1069
5720
5698
29882
5519
3320
57551
4171
11258
57405
996
10726
23122
9814
10197
23332
1021
9183
5719
890
9134
8454
5721
5566
23649
5713
55388
1063
