959
2335
3805
3134
915
5627
10461
5296
8764
3802
28378
735
5170
3804
2147
4153
3687
8174
482
916
2213
3386
8140
10747
135250
80328
7525
2353
712
644076
6403
9641
714
7454
7010
3897
11035
914
1278
3812
917
284
999
55423
6957
3109
731
717
958
84433
5879
682
4312
5970
729
5817
54210
54106
5624
1525
1277
9450
9020
3929
7097
51744
11006
4277
962
23308
5595
7099
117145
5599
7408
567
353376
23428
10333
151888
8915
5062
10859
929
5289
5526
253260
1493
940
10225
6955
5600
5728
4615
961
51466
629
7535
998
7314
6404
6416
947
7056
4064
3635
285
10870
11213
730
733
6197
56301
1386
4793
3133
79465
6464
9057
5648
207
57126
5478
5528
3654
1432
23539
90952
10892
64223
6196
5527
3265
4214
3725
3695
80380
5290
3127
2533
3811
7305
9056
7096
3113
3675
23118
732
9123
8517
