23708
6133
7458
6224
6187
6132
1975
6229
6123
6231
1973
6154
23521
6135
6156
6171
6235
6124
6157
7311
6129
11224
8662
1933
6143
6142
8891
6176
8665
4736
6169
6217
6173
6181
6159
6128
6202
6152
8661
6130
6170
6147
6160
6175
1977
8894
6146
1983
1938
1981
6158
6189
8668
9669
8892
6230
6222
6207
2197
1915
6144
2107
6167
1968
6227
1978
3921
6193
6204
1965
8666
6209
26986
9045
6164
8890
8893
1937
51121
6191
6168
6125
6161
6138
6208
6136
6232
6141
6233
1936
8664
6205
6155
25873
6210
6137
6234
8669
6203
1974
