7458
7311
6133
6231
6187
6132
6229
6123
1975
6157
1973
6171
6154
6235
6124
6156
23521
6129
6135
6224
11224
6128
6143
8661
6159
6158
4736
6160
6170
6202
8662
6189
6146
6181
6155
8894
6217
6130
6169
6176
8665
27335
6168
6173
1968
6142
1977
1983
6141
1981
6147
6193
6138
6175
6222
6207
9669
6205
2197
8668
8666
6152
6234
51121
8664
6144
6188
6230
6164
1974
1965
6206
9045
3921
6194
6167
6191
6210
8669
6227
6204
6137
6233
6209
6208
25873
6125
6203
8667
3646
6161
6232
6165
6223
6201
6228
6122
6134
1964
6192
