23708
6133
6187
60
1975
10528
6231
10376
2677
5627
26234
6224
6132
6123
93183
6235
10471
5281
5624
84617
10517
5204
6143
6142
1937
84790
81027
5202
8237
6202
6159
6129
6156
7278
94005
6468
6903
7458
6160
5279
4736
6217
8661
6124
7311
9045
8662
8891
1938
10381
5045
6173
2155
1725
23521
8892
6154
908
6128
5203
6157
83475
8665
5201
284098
9488
5277
9487
6155
1155
6135
10383
6167
26985
6175
6147
6146
6136
10382
6176
1933
23556
1977
6158
1968
347733
6161
7280
6137
6164
8894
6130
54872
6189
6168
8668
51121
6208
6499
6138
1981
6152
8813
56648
6229
80031
6233
6193
26986
22803
6141
6230
26272
10574
6204
56604
9669
2147
6201
6171
8666
55294
6207
6228
11328
6227
6170
8818
3646
8893
26270
6122
3921
1973
6203
6191
6222
6950
84720
5329
6188
8667
8664
9091
7846
6169
54965
6134
5283
6206
6181
51604
7411
6210
10576
1984
6232
1936
11224
54461
10694
1983
2159
7203
54344
1915
9349
8669
1965
2621
1978
10026
8890
2107
26224
10564
6234
6904
1974
2197
6192
8733
83752
55650
63971
25873
10575
6165
6205
6125
128869
51227
6223
26190
80055
2158
1964
8877
84261
3801
