66035
57419
6574
6565
117247
57127
200010
206358
23446
6549
55244
26266
154091
83697
6513
80024
6539
169026
8140
155184
6569
115111
55117
10723
8671
25800
6509
8501
246213
6542
29986
142680
345274
6533
283375
6518
6563
6528
54407
6529
6538
1811
8170
6553
6570
92745
23657
9990
7922
6510
140679
114134
6571
84679
6561
123041
23539
6511
121260
6556
9058
1836
389015
6534
7781
153201
284111
6564
84102
64116
57468
9498
6559
10991
10479
6548
6547
6575
54716
6514
11182
9123
23428
6560
57835
6536
60482
6508
11136
6512
56301
6568
10861
7780
6530
285195
9497
80736
55630
6557
29985
55676
81539
30061
6540
6566
4891
6558
6506
6531
115584
148867
57153
6520
6517
51296
6505
9152
81031
23516
115019
9194
57084
348932
6523
