230
2023
2787
51764
5213
6132
7311
6235
516
6224
2027
6133
6187
7381
6513
4698
6833
2641
5214
3485
229
1349
4700
5162
783
50
6616
6157
5160
4729
51079
2793
5578
5577
8802
1327
90701
1649
4312
4714
6189
590
6728
6231
6129
6123
4736
6160
7386
6389
6171
6159
1345
7384
3479
389692
126328
3708
22926
513
6173
5873
3421
9709
3483
4712
6154
6844
26330
5611
6181
9630
6136
6748
1537
55176
9167
2740
6217
3952
6142
5122
6122
6229
2791
4697
54331
6176
54539
5315
6143
1337
2782
3484
4731
6156
3767
4725
1743
521
4724
6161
4713
10681
6804
9377
59345
7167
4694
6204
5069
2109
6727
1351
4715
9495
10952
4716
3309
6141
6135
6391
10411
27230
23265
9789
23478
6147
514
23521
152
6185
4723
2864
784
4702
3487
522
6731
4708
3418
5209
51738
2784
6164
150
5576
2792
2026
3745
5567
1737
9695
23480
5575
8826
5208
11224
2147
28972
1329
6207
6203
8050
2645
3799
5211
6137
29927
5207
10640
6861
29796
27089
6188
1350
2597
4717
51726
6124
6170
4726
3709
2271
6222
619373
58477
9254
4711
292
2786
3747
775
6233
9551
6167
4709
6146
6392
55676
6234
4718
6192
6194
4706
6729
7941
9451
4191
5566
468
4644
515
149371
3710
539
10975
6747
6205
6130
5906
6730
226
6726
467
5568
5313
2769
11336
506
4719
354
4967
4704
3419
5230
2771
2110
3486
6223
25873
1363
10632
1514
2783
26251
6168
5573
6227
7385
1131
4720
8803
2770
6230
4313
55770
5080
4082
8801
6746
3921
6228
6745
23236
3420
6125
54205
55763
2778
55970
498
6128
2108
1650
