6133
9572
7311
220988
7067
23225
79731
6224
6132
6235
6154
23521
4851
5440
6231
6123
6749
9968
11097
4306
27316
2962
10921
10667
1938
905
904
6187
129401
6921
57176
6159
2494
2068
51586
10594
10291
1933
5434
1477
6217
9971
92935
2963
2104
6142
7376
6169
1975
6157
3735
6143
6147
2101
126382
9862
5468
8894
6136
6129
6627
8662
4904
190
5725
6156
10992
6430
9128
5435
3188
8665
6175
5241
10907
6634
6222
5441
6207
51692
3184
6189
6431
6124
6827
1387
8892
6637
2103
10482
5093
81857
8661
24148
3181
9939
6160
6167
5915
6208
84246
25873
51067
29982
6122
7884
2649
5859
4929
79902
8013
4809
5430
4141
6173
8243
51639
6228
9045
6256
5433
5438
5432
2961
4855
6181
6170
29959
3183
8891
8683
8668
8856
1968
4331
9688
7965
79869
6883
2193
6097
6882
23438
348995
6204
1981
367
3172
4670
9295
10189
2958
5094
1983
6880
79023
7181
11051
55534
84441
7407
29079
6229
6877
53371
6164
9416
6924
6146
2960
6233
4677
2063
6625
6188
6194
2957
6095
10762
9477
5917
7025
6192
22938
6908
4927
3191
81929
25973
3187
9443
54938
6202
6223
10025
6230
6128
6923
83443
8731
