6133
2962
6229
11097
6224
23521
6231
6123
6132
6171
1213
5432
23225
6124
6135
6235
6156
6154
6187
5440
2963
5435
6159
6129
2197
7311
6157
6217
6143
348995
129401
4736
8480
6181
6142
5441
6204
5431
6158
6170
1211
6202
5434
3843
811
55746
11224
6155
6146
9688
6173
6230
6169
6128
6189
5903
5437
6192
6188
6141
6205
5433
6160
81929
3304
5439
6152
2926
57122
6167
6210
4927
6147
8086
9045
5901
6176
3320
6175
51121
6164
6122
79902
6201
6130
7175
79023
9631
6193
821
9349
6138
9883
6168
23279
5611
6207
53371
23165
6137
6203
6209
9972
6161
6144
6222
5436
10762
5430
6208
6233
3837
6227
3921
6194
8021
7514
6232
3836
9818
6228
6125
23511
6234
5438
