135946
390261
391107
219956
81050
403274
390155
390084
343169
390649
26476
390154
219873
283617
219968
441669
79339
121130
390082
283365
391211
388761
390323
391109
120776
401663
283160
219432
23538
26333
135948
219473
219464
127608
120796
81309
128368
81697
219493
81327
119764
338751
2782
256892
130075
119694
219869
26184
4993
219429
79310
256148
128367
283189
219437
219484
26245
391121
442184
387748
8383
26659
158131
338675
128372
135924
26716
26339
390265
10798
390036
4995
390892
283159
81282
81469
26539
219436
135941
390190
119682
390162
26693
219954
255725
254783
79346
390445
390144
81285
26341
219965
390326
120775
390059
119695
4994
390882
26212
401665
81168
254879
124538
390066
403277
219479
390077
26658
120793
283162
144124
390148
26211
391196
390883
128360
8390
119774
219874
390174
26707
390201
143503
390064
390075
