23086
29887
51599
760
79651
5999
253461
7358
4919
7070
3485
7345
8626
10468
10874
274
51361
9415
64759
1515
1525
1594
10529
9956
2200
7025
5650
8829
57111
64131
11080
23179
29995
5655
6926
7718
1839
57834
3553
10516
7447
10205
55068
11151
10437
6876
9037
27165
79083
10979
1875
29984
1893
11067
667
1281
7474
2041
56944
9048
3775
1805
57402
306
11167
7846
3606
1992
653562
3872
11259
3486
6698
54845
6781
9982
2191
3728
8493
23286
27293
26154
26049
10194
6590
81493
247
10974
3875
4741
6019
10631
10395
10103
6850
5583
4642
54566
9315
79098
6622
1830
1000
9674
1308
4811
8613
90627
7976
1001
6535
51334
9076
5357
10397
10653
25959
50848
9938
7498
56606
3861
6195
3898
6279
