# Order in which each feature was ranked by the feature-selection algorithm. When cross-validation was used, the values represent average ranks across the folds. Note that these values are calculated on the assumption that all features received a rank, whereas some feature-selection algorithms do not assign ranks to all.
Feature	Rank
2841	1.0
7484	2.0
94233	3.0
6752	4.0
338557	5.0
611	6.0
153	7.0
8620	8.0
117579	9.0
7855	10.0
2912	11.0
7473	12.0
9288	13.0
7479	14.0
1903	15.0
1902	16.0
51554	17.0
2915	18.0
2535	19.0
2787	20.0
4985	21.0
3352	22.0
2826	23.0
10268	24.0
6750	25.0
51083	26.0
3350	27.0
1236	28.0
3269	29.0
50865	30.0
6360	31.0
2641	32.0
5173	33.0
1907	34.0
3351	35.0
10850	36.0
122042	37.0
8843	38.0
2550	39.0
6374	40.0
5196	41.0
6751	42.0
387129	43.0
5473	44.0
187	45.0
6356	46.0
2782	47.0
113091	48.0
57105	49.0
2691	50.0
1237	51.0
54361	52.0
51384	53.0
7432	54.0
5539	55.0
2792	56.0
6863	57.0
1081	58.0
10886	59.0
135	60.0
185	61.0
134860	62.0
6376	63.0
6367	64.0
2862	65.0
1132	66.0
1392	67.0
1908	68.0
1814	69.0
6363	70.0
6754	71.0
3061	72.0
3062	73.0
2793	74.0
165140	75.0
6364	76.0
6344	77.0
3362	78.0
134864	79.0
4828	80.0
3827	81.0
5733	82.0
10022	83.0
84109	84.0
59350	85.0
51764	86.0
3814	87.0
56477	88.0
887	89.0
9290	90.0
2834	91.0
4157	92.0
1234	93.0
2832	94.0
6368	95.0
147	96.0
2785	97.0
5746	98.0
3549	99.0
2784	100.0
2151	101.0
8323	102.0
10887	103.0
10692	104.0
6865	105.0
1232	106.0
339403	107.0
4887	108.0
4986	109.0
1128	110.0
3973	111.0
58191	112.0
2798	113.0
2921	114.0
29933	115.0
1812	116.0
7480	117.0
4295	118.0
4988	119.0
64805	120.0
2846	121.0
5697	122.0
5745	123.0
553	124.0
54331	125.0
56413	126.0
7474	127.0
5729	128.0
797	129.0
1269	130.0
59340	131.0
6387	132.0
136	133.0
27334	134.0
5727	135.0
1813	136.0
3355	137.0
4829	138.0
1131	139.0
4889	140.0
3577	141.0
50846	142.0
183	143.0
51289	144.0
5020	145.0
301	146.0
5179	147.0
6348	148.0
6469	149.0
8698	150.0
4543	151.0
2791	152.0
8326	153.0
5029	154.0
9294	155.0
257313	156.0
5995	157.0
7434	158.0
4159	159.0
5540	160.0
146	161.0
6354	162.0
1238	163.0
60675	164.0
3360	165.0
152	166.0
9002	167.0
9340	168.0
2833	169.0
3354	170.0
3060	171.0
10563	172.0
6375	173.0
2149	174.0
283869	175.0
10266	176.0
53829	177.0
3363	178.0
80835	179.0
221391	180.0
2913	181.0
6372	182.0
5021	183.0
2840	184.0
6869	185.0
5368	186.0
2919	187.0
148	188.0
1906	189.0
886	190.0
6608	191.0
6753	192.0
4158	193.0
3274	194.0
5734	195.0
1230	196.0
2492	197.0
2587	198.0
57007	199.0
1241	200.0
3627	201.0
6366	202.0
6870	203.0
133	204.0
128674	205.0
7481	206.0
4852	207.0
7976	208.0
4283	209.0
6866	210.0
7483	211.0
4544	212.0
2837	213.0
5732	214.0
9568	215.0
2778	216.0
79924	217.0
6352	218.0
89780	219.0
7433	220.0
154	221.0
8321	222.0
116	223.0
5030	224.0
151	225.0
2867	226.0
8322	227.0
3579	228.0
3375	229.0
186	230.0
5737	231.0
10663	232.0
1268	233.0
719	234.0
140	235.0
2783	236.0
55970	237.0
11211	238.0
3358	239.0
2918	240.0
551	241.0
5739	242.0
799	243.0
3576	244.0
1233	245.0
83756	246.0
2359	247.0
4987	248.0
59345	249.0
23596	250.0
3361	251.0
7477	252.0
256933	253.0
2692	254.0
7478	255.0
6373	256.0
7471	257.0
2695	258.0
2829	259.0
5031	260.0
8643	261.0
5028	262.0
594857	263.0
6755	264.0
23566	265.0
796	266.0
3640	267.0
2916	268.0
7252	269.0
728	270.0
10803	271.0
2532	272.0
8111	273.0
1395	274.0
623	275.0
10203	276.0
3356	277.0
885	278.0
7852	279.0
3972	280.0
2147	281.0
1815	282.0
8324	283.0
1129	284.0
554	285.0
4160	286.0
2357	287.0
727	288.0
1816	289.0
2740	290.0
2150	291.0
83551	292.0
4886	293.0
64106	294.0
117	295.0
5741	296.0
3357	297.0
7200	298.0
80326	299.0
8477	300.0
9170	301.0
150	302.0
51052	303.0
2786	304.0
10161	305.0
643	306.0
624	307.0
114814	308.0
2852	309.0
7201	310.0
10800	311.0
10911	312.0
7472	313.0
8325	314.0
1524	315.0
1133	316.0
2828	317.0
5731	318.0
729230	319.0
9934	320.0
8484	321.0
11251	322.0
7253	323.0
1901	324.0
84432	325.0
2864	326.0
84634	327.0
7476	328.0
222545	329.0
6010	330.0
7475	331.0
53637	332.0
94235	333.0
23620	334.0
846	335.0
10267	336.0
80834	337.0
6343	338.0
8811	339.0
11255	340.0
151306	341.0
2914	342.0
155	343.0
2917	344.0
8862	345.0
2925	346.0
2358	347.0
9038	348.0
7482	349.0
5443	350.0
1910	351.0
10681	352.0
6019	353.0
2920	354.0
4922	355.0
2488	356.0
2911	357.0
1909	358.0
6370	359.0
2922	360.0
552	361.0
134	362.0
718	363.0
2696	364.0
6347	365.0
1394	366.0
4161	367.0
