# Order in which each feature was ranked by the feature-selection algorithm. When cross-validation was used, the values represent average ranks across the folds. Note that these values are calculated on the assumption that all features received a rank, whereas some feature-selection algorithms do not assign ranks to all.
Feature	Rank
5719	3.6666666666666665
5525	7.833333333333333
1871	11.5
6118	13.222222222222221
11116	15.777777777777779
5690	16.72222222222222
55142	17.72222222222222
9814	18.444444444444443
84515	19.77777777777778
699	23.5
5527	23.666666666666668
3320	24.72222222222222
55755	25.0
5515	25.27777777777778
57804	27.666666666666668
5716	27.72222222222222
6502	28.11111111111111
5698	28.22222222222222
84131	28.666666666666668
5711	28.77777777777778
1781	28.77777777777778
51433	32.22222222222222
81565	32.27777777777778
595	32.55555555555556
5566	34.0
10112	34.333333333333336
7321	34.77777777777778
5885	36.27777777777778
79902	37.611111111111114
7084	39.388888888888886
6396	40.27777777777778
9133	40.888888888888886
401541	41.72222222222222
151648	41.94444444444444
27175	42.55555555555556
4999	43.27777777777778
898	43.833333333333336
7840	44.0
4928	44.55555555555556
5691	45.55555555555556
1639	46.27777777777778
3796	47.333333333333336
1875	48.333333333333336
7514	49.05555555555556
10403	49.72222222222222
6119	50.666666666666664
7465	51.27777777777778
85378	51.888888888888886
9134	52.27777777777778
6657	52.833333333333336
6500	53.166666666666664
51434	60.333333333333336
7298	60.77777777777778
5694	60.888888888888886
5985	61.166666666666664
91687	63.111111111111114
5715	63.44444444444444
5696	64.33333333333333
10274	64.38888888888889
891	66.16666666666667
8697	69.44444444444444
896	69.5
9738	70.22222222222223
4751	73.33333333333333
348235	74.16666666666667
5558	76.0
22919	77.72222222222223
5427	78.22222222222223
5701	78.44444444444444
23595	78.44444444444444
5688	81.55555555555556
8556	82.55555555555556
5695	83.16666666666667
11258	85.38888888888889
80254	86.05555555555556
5347	86.44444444444444
5925	87.16666666666667
5516	87.55555555555556
23332	87.66666666666667
1870	89.44444444444444
1026	92.11111111111111
5686	93.16666666666667
994	94.11111111111111
9183	94.61111111111111
4957	95.61111111111111
5714	97.44444444444444
11064	97.94444444444444
55143	98.94444444444444
983	100.38888888888889
55746	102.33333333333333
4085	104.72222222222223
1869	104.72222222222223
5684	104.77777777777777
5708	105.05555555555556
10142	105.33333333333333
9491	106.44444444444444
5693	106.44444444444444
8454	106.55555555555556
2237	106.55555555555556
8317	106.61111111111111
4331	109.44444444444444
5422	109.44444444444444
2491	109.5
1778	111.22222222222223
5689	111.83333333333333
22995	112.0
54908	112.55555555555556
23649	113.27777777777777
10714	113.5
10213	114.16666666666667
701	115.33333333333333
81620	119.88888888888889
1058	120.38888888888889
4174	120.5
79682	122.94444444444444
10197	123.94444444444444
55055	124.0
11130	126.0
83540	126.27777777777777
5707	127.72222222222223
84296	129.22222222222223
5116	131.16666666666666
9985	133.22222222222223
5983	134.5
5710	135.61111111111111
5518	135.77777777777777
996	136.83333333333334
5001	137.22222222222223
26271	137.83333333333334
7531	138.5
5903	138.55555555555554
57551	140.55555555555554
4926	141.66666666666666
4173	143.33333333333334
9126	144.5
80321	144.77777777777777
79003	145.94444444444446
1454	148.16666666666666
22981	148.55555555555554
57122	148.88888888888889
8945	150.77777777777777
10121	151.16666666666666
5981	151.72222222222223
9702	152.38888888888889
114791	153.94444444444446
332	154.38888888888889
29882	155.05555555555554
8900	155.27777777777777
54820	157.16666666666666
5984	157.83333333333334
7532	158.05555555555554
1453	158.33333333333334
1062	158.83333333333334
220134	159.0
1763	159.5
8481	161.22222222222223
890	161.33333333333334
1021	162.0
5048	162.44444444444446
81929	162.55555555555554
5692	163.55555555555554
57082	164.0
5720	164.27777777777777
5685	164.27777777777777
11243	165.11111111111111
79980	167.33333333333334
902	167.72222222222223
22897	170.33333333333334
8379	173.0
993	174.16666666666666
9837	174.27777777777777
64689	175.27777777777777
10844	175.72222222222223
23122	177.05555555555554
79023	177.5
55835	177.83333333333334
7324	178.5
5000	179.05555555555554
990	179.05555555555554
10393	179.5
95681	179.72222222222223
5426	179.77777777777777
5682	180.66666666666666
4176	181.16666666666666
9662	182.0
5717	184.77777777777777
23279	185.11111111111111
5704	186.16666666666666
57405	187.16666666666666
79172	188.44444444444446
5528	188.5
10382	189.38888888888889
11004	189.66666666666666
7277	190.55555555555554
55388	190.94444444444446
55722	191.66666666666666
7027	191.83333333333334
55166	192.77777777777777
55839	194.88888888888889
10735	195.83333333333334
5905	197.72222222222223
5702	200.5
5424	201.05555555555554
25936	201.27777777777777
4175	202.16666666666666
55920	202.38888888888889
894	203.0
7283	203.38888888888889
23421	203.5
995	203.88888888888889
5108	204.0
10733	204.16666666666666
5526	204.27777777777777
10806	204.77777777777777
5683	205.0
378708	205.27777777777777
5713	206.61111111111111
55125	207.66666666666666
11190	208.33333333333334
79959	208.55555555555554
1019	209.88888888888889
1063	210.38888888888889
23594	210.94444444444446
1069	211.0
9861	213.55555555555554
51659	214.5
5557	215.61111111111111
8318	215.66666666666666
4998	215.72222222222223
80184	216.0
3978	216.88888888888889
84643	216.88888888888889
8881	217.33333333333334
6249	217.72222222222223
5519	219.5
8243	219.66666666666666
5501	220.33333333333334
5982	220.44444444444446
10426	220.5
80152	220.77777777777777
4172	221.22222222222223
6790	222.0
9735	222.0
3619	222.72222222222223
9212	222.94444444444446
151246	223.5
5705	224.55555555555554
27229	225.11111111111111
348995	226.5
1017	226.5
6241	226.55555555555554
22994	228.55555555555554
51343	229.22222222222223
9184	229.5
64105	229.66666666666666
54821	230.77777777777777
5425	231.0
5699	231.5
7846	232.27777777777777
9793	232.27777777777777
81930	233.33333333333334
1874	234.94444444444446
9493	235.05555555555554
29945	235.88888888888889
51053	236.27777777777777
51529	237.61111111111111
79019	238.38888888888889
8636	238.66666666666666
5709	240.77777777777777
121441	242.33333333333334
4171	243.0
10540	244.16666666666666
64946	244.33333333333334
9088	246.83333333333334
80776	248.05555555555554
