# Order in which each feature was ranked by the feature-selection algorithm. When cross-validation was used, the values represent average ranks across the folds. Note that these values are calculated on the assumption that all features received a rank, whereas some feature-selection algorithms do not assign ranks to all.
Feature	Rank
2782	3.0555555555555554
94235	6.666666666666667
196883	8.722222222222221
611	12.555555555555555
183	13.222222222222221
8862	13.777777777777779
112	14.333333333333334
6753	14.722222222222221
10022	15.222222222222221
6368	18.444444444444443
3579	20.833333333333332
53637	20.833333333333332
2840	22.22222222222222
3627	22.38888888888889
1813	22.666666666666668
728	23.444444444444443
2826	23.444444444444443
117579	23.666666666666668
2779	24.0
114	24.166666666666668
111	24.555555555555557
115	25.0
134	25.333333333333332
3351	30.055555555555557
5539	30.944444444444443
6352	31.555555555555557
56477	32.05555555555556
107	32.77777777777778
4988	33.166666666666664
5173	33.333333333333336
5995	33.833333333333336
4986	34.111111111111114
3361	39.166666666666664
6366	40.388888888888886
23566	43.0
5368	44.111111111111114
2852	44.27777777777778
2780	44.44444444444444
5196	46.888888888888886
729230	47.888888888888886
4889	50.0
1902	50.0
50865	51.44444444444444
4852	53.44444444444444
23596	53.611111111111114
10563	55.22222222222222
51083	55.5
9290	55.55555555555556
6755	56.05555555555556
6750	56.666666666666664
3354	57.111111111111114
54331	58.388888888888886
3355	58.888888888888886
4886	59.0
55970	59.611111111111114
6363	66.72222222222223
2784	66.94444444444444
6387	67.88888888888889
5540	68.16666666666667
8484	68.61111111111111
846	70.16666666666667
624	70.77777777777777
1815	71.22222222222223
4887	71.5
152	71.66666666666667
6752	73.5
5179	73.72222222222223
6374	73.83333333333333
6754	75.0
1235	75.44444444444444
57007	76.88888888888889
3352	78.05555555555556
11255	78.77777777777777
2792	80.44444444444444
1230	80.61111111111111
151	81.66666666666667
3577	82.61111111111111
2587	83.72222222222223
11251	84.11111111111111
623	84.38888888888889
5697	84.38888888888889
5473	86.55555555555556
187	87.22222222222223
186	88.33333333333333
2831	89.16666666666667
2550	89.27777777777777
10692	91.22222222222223
2781	93.0
6373	94.72222222222223
6751	94.77777777777777
2841	95.33333333333333
1232	95.44444444444444
6360	97.05555555555556
5733	97.77777777777777
719	101.0
3350	101.61111111111111
1901	101.72222222222223
2786	102.88888888888889
150	103.44444444444444
140	104.22222222222223
2833	104.61111111111111
2785	104.88888888888889
2357	106.33333333333333
1814	106.44444444444444
5030	106.66666666666667
64805	106.77777777777777
165140	107.72222222222223
59340	108.33333333333333
256933	111.38888888888889
9934	111.38888888888889
1129	112.77777777777777
2771	113.22222222222223
59345	113.83333333333333
5443	114.05555555555556
2791	114.16666666666667
643	115.33333333333333
113	115.72222222222223
108	116.27777777777777
3827	116.61111111111111
1132	117.38888888888889
1236	118.27777777777777
55811	118.77777777777777
2921	119.44444444444444
6372	120.38888888888889
2832	120.72222222222223
53829	121.77777777777777
2359	122.16666666666667
1268	123.83333333333333
2788	123.94444444444444
9568	124.11111111111111
109	124.27777777777777
1237	124.5
718	125.05555555555556
1233	125.27777777777777
9294	125.5
2793	126.0
2920	126.44444444444444
6010	127.16666666666667
6364	127.27777777777777
2358	127.5
10850	127.55555555555556
4987	127.83333333333333
4544	128.55555555555554
1269	128.94444444444446
2919	129.72222222222223
8811	130.66666666666666
4283	130.83333333333334
58191	131.11111111111111
10663	132.27777777777777
51764	133.38888888888889
1234	135.83333333333334
1903	136.05555555555554
10681	136.88888888888889
4543	137.66666666666666
51289	137.72222222222223
8698	137.72222222222223
727	137.83333333333334
221391	137.94444444444446
301	140.94444444444446
3576	141.0
2770	141.44444444444446
7852	141.44444444444446
2773	142.38888888888889
4985	143.05555555555554
283869	144.61111111111111
10803	144.72222222222223
2783	144.83333333333334
9170	145.22222222222223
