# Order in which each feature was ranked by the feature-selection algorithm. When cross-validation was used, the values represent average ranks across the folds. Note that these values are calculated on the assumption that all features received a rank, whereas some feature-selection algorithms do not assign ranks to all.
Feature	Rank
2335	1.0
123036	2.0
2591	3.0
10653	4.0
8829	5.0
4582	6.0
2041	7.0
114569	8.0
558	9.0
1001	10.0
55615	11.0
2125	12.0
3880	13.0
5603	14.0
128077	15.0
118932	16.0
4313	17.0
5652	18.0
120224	19.0
118429	20.0
126695	21.0
6935	22.0
83481	23.0
57111	24.0
79767	25.0
1364	26.0
1366	27.0
54836	28.0
10207	29.0
11227	30.0
59084	31.0
1040	32.0
64063	33.0
161291	34.0
27242	35.0
26751	36.0
5468	37.0
1832	38.0
6337	39.0
3176	40.0
7040	41.0
57669	42.0
79098	43.0
11030	44.0
128218	45.0
147798	46.0
152002	47.0
143098	48.0
29841	49.0
54845	50.0
3694	51.0
57619	52.0
147700	53.0
57402	54.0
25987	55.0
92359	56.0
55620	57.0
200634	58.0
27134	59.0
2065	60.0
54961	61.0
50848	62.0
999	63.0
10053	64.0
79977	65.0
55040	66.0
9289	67.0
84674	68.0
4070	69.0
4072	70.0
7431	71.0
5349	72.0
266977	73.0
347735	74.0
10205	75.0
