# Order in which each feature was ranked by the feature-selection algorithm. When cross-validation was used, the values represent average ranks across the folds. Note that these values are calculated on the assumption that all features received a rank, whereas some feature-selection algorithms do not assign ranks to all.
Feature	Rank
2841	1.0
2782	2.0
54331	3.0
117579	4.0
3352	5.0
611	6.0
1236	7.0
5539	8.0
50865	9.0
4985	10.0
3827	11.0
2791	12.0
6374	13.0
9290	14.0
3577	15.0
5173	16.0
51764	17.0
6751	18.0
51289	19.0
2550	20.0
3354	21.0
10692	22.0
2826	23.0
6750	24.0
9294	25.0
6363	26.0
1237	27.0
59340	28.0
1814	29.0
1813	30.0
6368	31.0
186	32.0
2921	33.0
1903	34.0
10850	35.0
3350	36.0
23566	37.0
56477	38.0
846	39.0
2919	40.0
2793	41.0
2787	42.0
10022	43.0
221391	44.0
4988	45.0
5196	46.0
9568	47.0
165140	48.0
2792	49.0
183	50.0
51083	51.0
5540	52.0
6752	53.0
6364	54.0
1132	55.0
59345	56.0
4283	57.0
2359	58.0
10803	59.0
1815	60.0
2780	61.0
1234	62.0
114	63.0
3351	64.0
8862	65.0
64805	66.0
2587	67.0
4852	68.0
187	69.0
151	70.0
4887	71.0
9934	72.0
58191	73.0
2833	74.0
4544	75.0
2771	76.0
6360	77.0
2852	78.0
2784	79.0
623	80.0
5179	81.0
1129	82.0
150	83.0
6387	84.0
8811	85.0
5368	86.0
2920	87.0
339403	88.0
8698	89.0
57007	90.0
5473	91.0
624	92.0
109	93.0
55811	94.0
4986	95.0
283869	96.0
729230	97.0
5733	98.0
1901	99.0
6352	100.0
6373	101.0
7852	102.0
5995	103.0
112	104.0
5697	105.0
1902	106.0
4889	107.0
643	108.0
10681	109.0
2783	110.0
108	111.0
6372	112.0
2832	113.0
1268	114.0
4886	115.0
8484	116.0
256933	117.0
3355	118.0
113	119.0
2779	120.0
196883	121.0
719	122.0
11255	123.0
10663	124.0
94235	125.0
5443	126.0
111	127.0
1269	128.0
6366	129.0
727	130.0
115	131.0
728	132.0
53637	133.0
6010	134.0
4543	135.0
2785	136.0
4987	137.0
107	138.0
8843	139.0
1233	140.0
6753	141.0
3361	142.0
6370	143.0
140	144.0
6754	145.0
6755	146.0
301	147.0
2840	148.0
53829	149.0
2781	150.0
2773	151.0
2358	152.0
152	153.0
3576	154.0
23596	155.0
9170	156.0
10563	157.0
2770	158.0
2357	159.0
1232	160.0
3579	161.0
718	162.0
55970	163.0
1230	164.0
134	165.0
11251	166.0
2786	167.0
5030	168.0
3627	169.0
