# Order in which each feature was ranked by the feature-selection algorithm. When cross-validation was used, the values represent average ranks across the folds. Note that these values are calculated on the assumption that all features received a rank, whereas some feature-selection algorithms do not assign ranks to all.
Feature	Rank
2335	1.0
4582	2.0
83481	3.0
2591	4.0
123036	5.0
1832	6.0
3880	7.0
2125	8.0
1001	9.0
2041	10.0
126695	11.0
5652	12.0
7040	13.0
64063	14.0
120224	15.0
114569	16.0
118429	17.0
10653	18.0
26751	19.0
57619	20.0
29841	21.0
57402	22.0
27134	23.0
558	24.0
128218	25.0
79098	26.0
147798	27.0
200634	28.0
147700	29.0
4313	30.0
55620	31.0
57111	32.0
1366	33.0
161291	34.0
5349	35.0
79767	36.0
54961	37.0
54845	38.0
6337	39.0
54836	40.0
1040	41.0
143098	42.0
25987	43.0
57669	44.0
6935	45.0
11227	46.0
10205	47.0
10053	48.0
118932	49.0
999	50.0
5468	51.0
55040	52.0
55615	53.0
3176	54.0
10207	55.0
3694	56.0
266977	57.0
128077	58.0
1364	59.0
8829	60.0
11030	61.0
4070	62.0
347735	63.0
27242	64.0
4072	65.0
9289	66.0
79977	67.0
84674	68.0
5603	69.0
50848	70.0
2065	71.0
152002	72.0
92359	73.0
59084	74.0
7431	75.0
