# Order in which each feature was ranked by the feature-selection algorithm. When cross-validation was used, the values represent average ranks across the folds. Note that these values are calculated on the assumption that all features received a rank, whereas some feature-selection algorithms do not assign ranks to all.
Feature	Rank
2833	2.45
4159	3.7
59340	4.45
2767	6.1
4987	10.65
1234	13.05
5029	13.25
187	15.3
388	16.55
1268	21.7
185	22.0
4829	22.05
1395	23.1
57449	24.35
108	24.45
136	24.55
8811	26.8
23229	27.55
2587	27.75
6375	28.3
56413	28.9
11214	29.75
3355	30.3
221472	34.95
6865	37.0
84033	38.05
6368	38.15
2832	38.4
319100	40.4
2245	40.55
1901	40.75
9459	42.25
10681	43.2
5196	44.5
2692	46.3
5733	46.8
10563	48.4
5724	48.65
150	49.55
1082	49.75
1133	50.6
5331	51.2
5746	52.0
2864	54.0
2925	54.65
3577	56.2
1606	57.3
10266	57.65
10803	59.1
3972	61.45
1906	62.5
2869	64.1
623	66.55
147	67.45
5923	69.3
6866	69.45
10161	69.9
2691	70.35
4988	71.3
3579	71.5
9002	72.65
146850	73.1
9038	73.4
6870	76.35
2784	78.4
4168	78.75
117	80.5
10663	81.1
5031	82.95
115557	84.45
3576	85.4
6364	85.6
2798	85.7
10887	86.0
133	88.05
89846	88.15
5153	89.55
6366	89.85
728	90.1
2922	91.3
4544	92.45
4543	94.0
885	94.6
2783	95.3
59345	97.8
2695	99.0
391	99.95
2770	100.75
3640	102.9
8843	103.5
9170	103.6
134860	103.75
186	103.8
6363	104.15
139189	104.65
8862	105.6
1814	106.8
156	106.9
64805	106.9
2641	108.45
1081	110.15
4886	110.45
5140	111.05
389	112.3
134864	113.65
2919	114.1
6010	114.4
3357	115.85
6372	116.8
6869	118.95
4160	119.4
1908	119.85
5744	120.2
1128	120.25
4828	120.45
140	120.7
2840	121.65
5028	122.35
50940	123.15
2769	123.8
5443	124.65
256933	130.2
50865	131.1
148	132.15
11343	132.8
25791	133.55
796	134.7
9568	134.8
3973	136.3
6654	137.8
5364	139.1
135	140.35
116	140.55
3269	141.3
4986	142.25
3352	144.35
2652	145.1
5290	145.1
3274	146.75
23236	149.65
114814	149.85
60675	150.3
4158	151.95
6754	153.3
643	154.05
1233	154.05
5139	154.75
94235	155.2
1241	155.5
3062	155.65
1607	155.8
5539	159.05
23533	159.4
9162	162.95
3363	164.65
6352	164.75
747	164.8
59350	166.0
5473	166.45
3358	168.65
5745	169.95
2740	170.55
2828	171.5
1813	172.35
2488	172.35
2867	172.7
1235	172.8
6453	173.65
6360	174.45
2920	175.1
11255	175.55
2359	176.7
2696	178.25
2788	178.75
1909	180.8
4889	181.8
2492	183.95
8527	186.95
2792	187.35
165140	188.55
1232	188.75
7852	189.95
5880	191.85
10846	194.2
53829	194.3
114	196.35
4887	198.8
4985	199.35
50650	199.65
55811	203.1
2787	203.65
154	204.3
998	204.7
799	204.8
5697	206.1
7201	206.6
5734	206.6
7074	207.75
6753	208.7
2781	209.85
1392	210.25
7410	211.5
624	212.25
121512	212.5
2841	214.45
5741	215.75
51083	216.55
3060	216.8
5737	216.8
4922	216.95
1129	220.05
153	222.55
554	223.9
6344	223.95
3350	224.0
10451	225.95
29933	226.05
222545	226.15
3354	227.1
10276	228.75
2862	228.9
3708	229.5
64857	229.8
9340	231.15
2852	231.3
56477	232.15
1815	232.65
3814	233.25
23263	234.45
113091	237.5
2791	239.55
1902	241.3
5295	241.55
8622	241.65
2151	242.45
1236	244.4
10022	244.7
8997	245.55
393	247.0
57105	248.7
5879	249.75
5330	253.05
10267	254.1
797	254.45
55970	254.95
5032	258.15
10886	258.65
2782	259.95
27334	261.55
5144	263.75
23365	264.15
134	264.55
183	265.8
29	265.9
2837	266.5
84109	266.5
2780	266.85
2358	268.1
57007	268.4
10850	269.05
10203	272.15
2785	272.15
9934	273.05
1237	273.65
9294	273.7
2150	274.3
84432	275.45
2778	276.15
8484	277.7
6093	278.1
8620	278.3
2779	278.3
5173	278.5
3375	279.0
151306	279.5
155	280.4
6387	280.45
9290	280.85
719	281.2
1608	281.25
79924	281.3
347148	281.95
3827	283.3
5150	283.55
26230	284.3
5368	284.9
53637	284.95
27237	285.1
5143	285.65
3061	286.55
10692	286.8
611	288.0
1812	288.2
1907	289.15
10268	289.4
57580	290.15
7252	291.0
152	291.8
5020	292.6
5540	292.7
338442	295.35
6373	295.5
5021	295.65
6915	299.35
1894	299.9
5332	301.05
7204	302.05
2550	302.45
9181	302.65
51289	304.5
207	305.4
7200	305.4
2790	305.4
122042	305.45
887	306.85
84634	307.0
2768	308.05
10911	309.5
8525	309.65
9138	309.7
5729	310.5
208	311.45
3361	312.8
2921	317.3
727	318.05
3351	318.1
112	318.2
146	318.4
109	318.55
2773	320.15
6370	320.6
387129	320.75
4295	321.75
2771	322.95
9287	323.3
5142	324.45
2831	324.6
3356	326.1
8526	326.6
718	326.7
4923	327.2
6750	327.75
8874	327.8
1816	332.5
7433	332.7
117579	334.6
552	334.75
54331	336.1
9630	336.75
9828	336.75
6019	337.05
2357	337.15
6755	338.1
3362	338.1
1910	338.15
196883	340.35
2786	341.45
5151	341.75
5924	342.85
339403	349.05
2865	349.85
58191	350.05
2776	351.2
5731	351.65
11251	353.7
5739	355.45
5732	356.35
2846	359.2
23596	359.25
1131	360.7
221391	361.0
107	362.55
3360	362.75
5141	363.0
27115	363.5
5294	363.6
128674	366.2
4161	366.65
8111	366.9
2826	367.25
1394	368.75
5030	369.0
886	369.15
5179	369.2
64106	370.0
1269	370.85
257313	372.25
23566	373.0
4852	373.35
553	373.6
2829	373.85
1609	374.45
1903	374.85
6863	375.7
387	375.95
151	376.1
1230	376.75
23620	377.15
160851	379.0
83551	379.2
5956	379.8
221955	380.05
6655	380.05
10800	380.95
7409	381.85
7253	382.25
3627	382.45
51764	382.6
2642	382.7
6343	382.8
6846	383.65
23370	383.65
115	383.7
4283	384.1
4157	385.5
5170	385.55
50649	386.6
111	386.65
846	388.05
2793	388.65
10000	388.9
5136	389.4
113	389.65
94233	389.75
551	390.6
5995	390.7
5138	391.25
9826	391.85
1132	392.2
6752	392.85
8477	393.6
6374	394.55
6751	396.8
7432	396.95
10672	403.05
3710	405.85
7434	406.1
9475	406.55
8698	407.15
301	408.1
3709	409.0
2149	411.15
