# Order in which each feature was ranked by the feature-selection algorithm. When cross-validation was used, the values represent average ranks across the folds. Note that these values are calculated on the assumption that all features received a rank, whereas some feature-selection algorithms do not assign ranks to all.
Feature	Rank
230	1.0
2023	2.0
2787	3.0
51764	4.0
5213	5.0
5214	6.0
4700	7.0
6833	8.0
7381	9.0
2641	10.0
513	11.0
50	12.0
8802	13.0
4712	14.0
4698	15.0
2782	16.0
7167	17.0
7384	18.0
5160	19.0
5577	20.0
51079	21.0
6616	22.0
516	23.0
229	24.0
2027	25.0
522	26.0
4731	27.0
4714	28.0
2109	29.0
4725	30.0
3767	31.0
4697	32.0
4724	33.0
2026	34.0
9495	35.0
4729	36.0
5162	37.0
6804	38.0
6513	39.0
292	40.0
54539	41.0
5211	42.0
3421	43.0
5568	44.0
3790	45.0
5208	46.0
6391	47.0
8826	48.0
6844	49.0
3708	50.0
9630	51.0
29796	52.0
26330	53.0
6389	54.0
5578	55.0
1537	56.0
1345	57.0
1327	58.0
2770	59.0
2793	60.0
4716	61.0
150	62.0
9551	63.0
5330	64.0
784	65.0
1737	66.0
4726	67.0
2271	68.0
2791	69.0
1350	70.0
5575	71.0
4694	72.0
783	73.0
8050	74.0
1329	75.0
4706	76.0
54331	77.0
5207	78.0
4723	79.0
2771	80.0
5315	81.0
5567	82.0
4702	83.0
5576	84.0
2597	85.0
773	86.0
7386	87.0
59345	88.0
152	89.0
10411	90.0
2792	91.0
9254	92.0
3710	93.0
4720	94.0
6392	95.0
9377	96.0
1351	97.0
291	98.0
5230	99.0
2775	100.0
6514	101.0
515	102.0
226	103.0
3419	104.0
2778	105.0
1337	106.0
4711	107.0
26251	108.0
3709	109.0
2110	110.0
126328	111.0
27089	112.0
1349	113.0
1738	114.0
7385	115.0
2784	116.0
6861	117.0
94235	118.0
1743	119.0
539	120.0
54205	121.0
4191	122.0
4708	123.0
8801	124.0
3745	125.0
2785	126.0
8803	127.0
4719	128.0
777	129.0
521	130.0
4718	131.0
506	132.0
5566	133.0
3418	134.0
4701	135.0
4709	136.0
7388	137.0
10681	138.0
111	139.0
5091	140.0
5906	141.0
4967	142.0
5313	143.0
2821	144.0
4713	145.0
5573	146.0
5223	147.0
4717	148.0
2786	149.0
9167	150.0
4696	151.0
498	152.0
5331	153.0
3747	154.0
10975	155.0
2769	156.0
55970	157.0
23236	158.0
2776	159.0
23530	160.0
374291	161.0
4707	162.0
2767	163.0
2740	164.0
4705	165.0
112	166.0
2783	167.0
2864	168.0
3420	169.0
4728	170.0
1340	171.0
4710	172.0
5210	173.0
1131	174.0
10632	175.0
6390	176.0
6812	177.0
114	178.0
775	179.0
5209	180.0
514	181.0
4082	182.0
5908	183.0
2645	184.0
1431	185.0
4704	186.0
2108	187.0
11069	188.0
55967	189.0
4722	190.0
4695	191.0
5224	192.0
4715	193.0
509	194.0
10476	195.0
