# Order in which each feature was ranked by the feature-selection algorithm. When cross-validation was used, the values represent average ranks across the folds. Note that these values are calculated on the assumption that all features received a rank, whereas some feature-selection algorithms do not assign ranks to all.
Feature	Rank
9343	3.5
23020	5.35
9092	5.35
7919	9.35
9939	9.4
29896	10.7
11325	11.05
10907	12.0
56949	15.55
11017	16.1
10772	16.4
57819	17.0
25949	17.4
6625	17.9
57461	18.95
220988	19.95
55119	21.25
10992	21.9
8449	23.3
8175	24.8
5356	25.2
6635	25.65
6430	26.35
10189	27.55
3304	28.95
6634	29.55
6633	32.9
3310	33.05
22938	33.2
27339	33.55
1659	33.65
22985	34.05
9128	34.05
27316	34.75
9410	36.75
6632	36.9
10084	38.45
10523	38.8
3183	38.9
51729	39.1
22916	39.75
6426	40.8
144983	44.15
9879	44.85
6431	45.0
51639	46.05
3306	48.0
11157	48.15
1655	48.6
3312	50.1
51645	56.05
3192	56.4
10450	58.8
653884	59.15
11338	60.3
4116	60.6
3303	61.4
27258	61.45
8559	61.7
6429	62.65
10915	62.75
6628	65.45
23350	66.65
10286	67.5
51340	67.7
23450	68.3
9129	68.5
55696	69.7
153527	70.6
151903	70.85
6626	71.9
23658	73.4
3305	74.2
8683	74.95
26121	76.45
7307	76.55
3178	76.85
23451	77.85
9416	78.45
10291	78.55
10569	79.6
6636	79.75
8896	79.75
4686	80.55
84844	81.85
25766	82.25
6637	84.9
51503	85.75
6427	86.0
57187	86.4
10594	91.25
10465	92.35
4670	93.05
25804	93.2
6428	94.1
988	94.2
84950	94.3
55110	95.45
84321	96.55
5093	97.05
10713	98.1
6432	98.45
24148	99.1
58517	101.1
51691	101.2
56259	101.75
4809	101.85
10929	102.1
9716	102.4
10262	102.5
6627	103.45
6629	104.35
3190	104.45
9785	106.6
22827	108.25
51362	109.65
6631	109.8
6434	110.5
9775	111.8
10946	112.15
83443	114.15
84991	114.2
1665	114.45
51690	115.95
9984	117.05
10285	117.7
