# Order in which each feature was ranked by the feature-selection algorithm. When cross-validation was used, the values represent average ranks across the folds. Note that these values are calculated on the assumption that all features received a rank, whereas some feature-selection algorithms do not assign ranks to all.
Feature	Rank
119391	1.0
54498	2.0
2326	3.0
1579	4.0
9	5.0
1553	6.0
10249	7.0
56603	8.0
120227	9.0
1312	10.0
9446	11.0
1594	12.0
57834	13.0
2944	14.0
7364	15.0
8529	16.0
29785	17.0
2937	18.0
348158	19.0
2939	20.0
6822	21.0
6799	22.0
6916	23.0
7363	24.0
11283	25.0
2730	26.0
1545	27.0
1585	28.0
216	29.0
27284	30.0
1588	31.0
27233	32.0
1583	33.0
1571	34.0
6817	35.0
1572	36.0
1591	37.0
7358	38.0
4144	39.0
1584	40.0
2948	41.0
126	42.0
64816	43.0
4548	44.0
7172	45.0
127	46.0
51302	47.0
116285	48.0
131	49.0
9420	50.0
130	51.0
55902	52.0
5742	53.0
2940	54.0
191	55.0
1573	56.0
1555	57.0
7365	58.0
2941	59.0
84532	60.0
10941	61.0
1592	62.0
1580	63.0
4259	64.0
4051	65.0
66002	66.0
25830	67.0
1562	68.0
1544	69.0
1557	70.0
6783	71.0
4257	72.0
7367	73.0
5740	74.0
7360	75.0
6819	76.0
113612	77.0
1559	78.0
1595	79.0
221357	80.0
54490	81.0
1593	82.0
5743	83.0
4129	84.0
1586	85.0
2327	86.0
10720	87.0
6820	88.0
23169	89.0
10858	90.0
4128	91.0
2729	92.0
10	93.0
1543	94.0
2949	95.0
340665	96.0
1582	97.0
27430	98.0
1558	99.0
4258	100.0
2950	101.0
54905	102.0
1581	103.0
4837	104.0
125	105.0
4143	106.0
