4675
5769
390980
161291
400360
959
11123
56985
9840
6920
258010
158399
57191
3957
643162
5920
92106
51301
340554
322
100132760
9241
1823
56271
552
439949
100131733
147727
8797
91624
54033
7695
100101405
3399
128553
5140
10778
940
11043
340547
321
2791
152217
32
1408
55664
4050
26119
130399
3480
51176
55837
144363
168537
120224
100128616
3337
645958
7294
7754
100132341
54851
646895
10179
3655
4054
113791
641518
7381
30061
259215
360
84749
100133168
54494
401093
168451
282997
122525
51266
6304
80701
2815
80177
2686
100129436
403313
9925
7644
122773
91782
80321
5125
283897
140606
23548
288
239
120776
687
163778
3081
79048
2811
644693
199746
100128457
100129866
1236
29851
84850
130500
5578
284391
9126
5463
440603
49854
10023
28984
139302
129293
100132148
27134
84144
3738
643058
57561
143686
342426
87
400347
5440
401303
55831
643723
80741
113878
64407
57605
23086
9737
150864
23348
58473
3021
260342
100129842
4240
80764
7561
256987
23641
91612
3841
442673
3727
100129196
51763
8535
51710
123036
5742
6815
51460
163859
900
93624
1073
100128262
117283
126259
401261
9592
83481
6932
91120
51272
729184
583
9214
94039
649299
64784
201626
100131944
7067
25949
22866
7343
90321
57692
158293
100131988
93035
8445
152007
7556
29083
80024
7533
1316
643689
27284
55073
84281
79836
4329
78988
5334
27040
157489
80762
219749
10927
5413
80213
50852
90007
3458
146050
10857
254170
55251
57134
84872
100128269
145173
54543
5816
55340
81606
6903
79956
100129956
449645
11168
8345
22828
440515
57708
4118
283521
6232
819
729627
64805
7035
58486
5747
2332
55466
26515
100131308
4756
8365
338390
64393
161436
4674
1659
145748
51729
51132
375287
26292
29080
8988
9976
5504
5196
100131492
376940
51440
100132612
5111
441549
4040
170575
115024
23007
401718
84224
3300
2053
90121
5938
100131366
84892
79088
81894
1473
23507
8436
23484
643951
729687
84299
147837
79144
51237
54557
26092
100129973
374868
348158
729076
6886
728914
8722
28429
4601
345456
22915
440067
163259
54414
145259
100130880
55363
55070
29058
26255
54726
100129409
1183
55623
91300
1950
55007
195828
5139
100132073
79842
100131950
117178
219681
10322
83744
116068
406891
3384
100130840
390190
10693
55793
647115
121551
442017
51142
83695
9848
5469
285331
100129472
440574
51759
93323
84033
115752
643
94121
23370
84779
26258
11341
83746
143888
92595
8349
84886
152006
254228
2273
112487
55151
79710
6224
285636
10911
100128469
51206
340542
5669
649446
8368
254427
26049
2123
3017
126375
3945
100131284
27244
5252
4747
7166
100130231
729013
497661
100129502
50486
1389
27316
100128339
9743
54664
26995
23189
100130218
5619
8821
94274
84326
728711
253039
131118
647209
84101
29965
163882
9516
1265
2781
10235
11102
2841
84707
81788
267012
4700
8577
23221
140775
2959
10944
10782
1816
2354
729451
389023
1983
22877
7572
84987
8405
642280
646268
7048
51091
4956
79758
9093
8029
93550
10455
57091
10472
441733
51554
3575
100129412
2882
55766
3009
84460
100129969
140735
729314
121642
168620
10038
387990
64282
100113384
1397
199777
100129353
10868
6668
731282
8328
328
25801
55297
64410
10054
167
389419
407025
100131662
23085
29094
100131793
135293
374879
696
161502
79064
8347
1429
84541
85443
22876
57097
266812
123
8330
23174
201229
6117
730651
100132345
57820
10209
729992
84132
644459
644397
79752
729954
225
93164
643445
4953
403274
22986
57396
128312
7693
100131183
284546
257160
165545
100129032
353329
5892
401884
387535
158905
83699
199834
79066
23111
3301
55906
7316
387654
646934
22869
4149
11080
55287
55619
23588
894
58526
9862
79695
267
9975
11128
472
81325
1964
140461
22898
4077
58515
100133015
9360
3434
8336
814
401152
25793
55602
64772
11320
402096
27018
100130731
10627
1776
728545
54496
728504
9252
201931
84919
4013
55622
9572
5788
283537
9342
6124
151457
646344
619450
83640
93556
56919
100131049
26530
8303
51065
9468
9831
54386
283876
57622
116444
79269
219437
148003
203286
100128537
10606
442215
58497
59286
154881
51535
1742
100128197
55690
57463
1123
81110
134510
646555
6990
7388
441666
644303
2113
26289
54970
7259
8575
93621
10206
79811
10162
284358
54816
9751
648665
80047
11059
10329
153364
2947
22984
155370
100129482
152118
4064
51669
100132815
23157
6039
373
842
3007
23002
1848
92806
5603
654369
100126487
731223
648154
2814
79640
1880
729678
51411
135250
9550
729614
8366
728279
3303
100129203
4673
259173
342898
9221
54737
9046
280658
199964
25865
51258
642852
124274
85013
286336
11236
84146
9836
85329
6229
100131041
91603
4130
79672
23658
8681
285704
100129562
359804
2193
9063
391119
283507
1486
405754
10210
64773
400652
4306
136895
85865
59348
11319
3111
57447
387647
81794
79979
7090
10365
26273
643067
283953
8892
100132049
8313
57587
585
727789
84837
5924
645446
100130249
2532
100133139
10534
158983
100129204
8335
8434
85444
54942
25845
84318
56257
117289
7536
11345
54900
51735
29079
64167
284365
55860
23468
84313
221830
729011
81440
2483
8678
100130872
22864
116984
400539
3953
100132010
158714
6750
28976
7376
23168
90673
8698
84692
28951
231
8302
5728
51103
29107
387590
401251
50964
8794
100129854
7336
55509
145781
643072
90139
643977
391121
5154
391465
79614
121054
339983
27340
9792
126767
643008
441046
3796
642635
637
6609
171568
284
83719
1787
51526
29078
339290
641638
6588
730079
729560
196415
255231
57599
82500
197370
9610
301
1493
79888
55108
374443
4656
23014
6289
503569
3298
84826
91039
23131
147912
729141
127018
139818
221178
8856
4067
100131851
8732
57562
1203
10600
2353
57690
1939
26205
392371
91574
79857
7353
1107
162993
27031
51650
145389
394
100131135
7507
7534
286042
100130240
100131279
919
158866
401207
340481
8021
400359
100130912
25901
79037
84647
150771
138649
9472
100128465
1032
520
57125
79314
10794
539
286101
4295
619208
484
283431
3162
56616
50616
10223
3687
57111
5557
1855
25915
286828
6647
28960
133619
51310
7023
80095
6844
57104
442210
6596
51361
6424
56648
440491
151313
392435
9587
100127967
160857
7597
100132239
401537
81565
51430
402220
5150
149076
79134
8969
84456
23552
7745
116337
646324
5591
9020
219402
7485
343930
114836
9993
10992
730217
516
92960
7314
28989
80700
196463
146723
51471
4973
100128899
10913
80222
57594
55791
440051
54877
124961
51427
158219
8813
100128050
64976
3049
5253
221262
54570
7486
390933
140576
2994
7174
403302
81697
55128
3573
220112
387723
11171
9935
7874
3396
80223
284532
140738
79654
91947
6234
2012
3087
79652
401981
5414
127124
10172
29949
130733
100128135
100132354
90826
727780
200035
100132060
124512
55364
100130079
79723
23473
440026
100129060
114907
100128104
54532
2029
5734
54764
1896
10169
158674
285550
346517
644159
392132
399
51057
6751
10813
2530
7168
286550
81164
100128709
7678
55000
23335
388561
23218
51637
130560
121504
23078
11108
4111
116843
143879
5264
79087
85453
8526
401337
343069
9218
401959
730091
64777
113402
123103
84527
170959
100128172
643637
407008
3996
5537
25775
23324
1669
100129320
6871
7334
3422
170958
553115
100129292
139596
390099
1439
140612
1191
83694
3070
55790
153684
5316
54458
51256
121274
83700
153527
54529
8669
81230
6868
26148
5318
338094
647259
25981
6617
100129175
346085
8896
10174
152101
55520
92304
84961
340146
4772
6771
6532
9825
9849
2504
1728
10847
118670
645218
727923
400064
90956
152559
644022
83480
211
51706
80895
441108
3312
80757
57542
162967
347549
57232
8780
55303
81689
9465
55286
221120
729665
10294
402716
6515
23556
57194
6192
51621
51524
7627
85441
54800
57653
6280
727941
100128810
220213
84553
6282
5885
132
100128731
84124
114904
442252
388907
8339
4338
55081
100130779
100130579
136051
221718
55223
63874
93654
79719
55776
134505
56300
57120
64283
8736
143098
28383
9419
56683
5576
341333
1446
9194
282808
5430
10933
7429
145567
25851
65010
55843
100129026
3978
55088
81887
162137
196264
1398
729376
29117
3937
10207
58533
146542
4598
200186
100127897
5193
130502
85460
285605
253482
80230
80264
374491
6840
285025
4900
10131
56987
4798
10982
3146
5682
161145
9677
170690
57128
5010
7157
2794
23642
51056
158584
8467
25948
100130274
85313
29103
23232
90273
9045
51227
132719
11147
261729
10284
1997
219
3781
388818
29798
390431
439954
5577
1723
54014
100128127
29068
54516
391647
79346
10128
85397
654342
55038
100128328
643613
8452
5836
2802
64101
969
402415
256006
6934
100131457
26984
10920
283011
282967
644941
7252
100129727
6006
81027
389322
643641
100131977
374500
100130396
7846
23338
79786
6157
79098
55017
118672
7541
1418
64327
25992
2944
79893
4515
100133321
79363
80201
7789
131149
6884
57002
5191
84515
643836
55170
57835
56172
51341
9725
283130
23526
10124
55614
100093630
645668
51054
389120
1200
3500
7416
9804
221468
55588
54820
26251
79831
9
3726
91975
6880
399512
8853
27036
25984
114798
3916
8649
6948
55701
8863
2180
143503
115416
283948
5795
6428
442260
222894
100132857
6812
100129009
100131572
100131593
22859
6628
100129310
166968
151556
255330
10544
55802
23503
195827
5837
142683
55734
4089
100131311
10686
1649
54549
285533
9021
4599
729251
8582
646672
221833
9683
8971
11264
441172
8718
84843
84064
6813
55454
153241
389257
10949
8778
30836
55365
139201
168741
342926
56675
56474
442142
2854
1198
345462
199713
10717
7220
26168
90594
7132
6936
80342
379025
18
11060
54462
79818
2615
100130847
7757
79016
100133044
1327
100127911
5813
647038
6433
54891
27253
220906
8500
79809
64921
6208
1870
9437
3091
55237
11085
389634
100133123
541468
22919
441058
92346
448834
10370
79894
51531
6142
23613
81115
79574
359763
55274
646216
308
390082
10952
8772
5476
26279
100132916
340527
114826
158787
389435
50802
54708
646719
145482
9263
284467
7364
94241
728509
23271
650157
51290
103911
84287
100127886
23612
2289
100128327
84830
79324
100131789
10569
119687
645397
497049
145853
391106
1135
391239
7634
85440
53371
4809
391211
100129046
3281
10245
26015
146540
51659
51696
57551
10380
3308
351
22871
128977
203259
55775
2895
84630
83464
6727
100130321
729397
292
79722
643605
3437
9147
4318
9365
51209
10797
55628
23398
646913
91056
11282
55613
2850
4691
359764
847
100129761
10120
9597
51027
337972
5054
283600
79441
916
440104
253959
393046
644186
80067
7786
747
3988
2592
56884
100128310
391205
55998
5834
4352
654480
27314
100132214
6018
59343
80833
170514
3632
10227
440695
65944
359803
643353
100131213
441592
8490
8737
84699
222658
123862
23177
407044
100129476
400223
148709
10085
347404
648927
254268
10347
60558
11149
845
92797
116534
347734
717
122942
56911
7581
672
5166
54981
100131853
1838
727999
4694
359821
65117
100129588
55846
54921
1606
57062
27086
25909
100130298
9924
4296
944
257103
114793
166379
285154
7326
81930
79970
8411
201232
100126518
114899
92285
337882
55603
100129572
441862
100131484
644517
29766
79741
64225
7920
402135
83896
84660
79810
63027
83895
84752
100132735
56547
6881
9128
7277
440077
348825
4193
54815
27430
400836
6474
353274
128710
6653
5283
390054
9890
100128587
123688
374618
124801
400798
7454
342776
120775
8848
11026
64840
5046
51316
11197
100131641
55821
81470
730105
4477
648822
55013
79145
79862
170691
55911
100130535
151888
11135
83416
148213
6869
100130158
23536
22938
100132636
56970
6671
285116
4161
729291
283416
23518
7473
91151
114195
84858
142680
119391
100131796
51631
84926
178
100129202
100129119
100130798
401074
23233
255919
100129808
140597
114659
29887
7580
441878
4223
11138
285386
4715
283683
5544
100130049
10438
116832
10242
6188
391739
81343
100126476
6389
117247
2444
8314
26524
152789
19
1050
441548
650560
8061
391
134957
55234
1043
100129750
729633
7056
91754
55196
3397
401675
84216
387707
3964
54809
9724
7014
57489
340286
6477
6616
100129442
1656
7594
442221
112476
327659
727916
83866
8208
9882
29063
340665
643596
100129464
8580
50943
642590
6453
594
402214
7690
729259
54472
389768
3012
391189
100132835
9790
928
400165
284086
6625
100131731
7743
2560
339456
100130921
5431
29930
147711
386675
761
3423
1054
337879
3394
81224
23558
161394
27125
9830
79089
100132652
644790
27
84913
5540
54682
574447
117584
643167
400657
643866
644335
92370
245937
80022
646012
2231
23436
7976
100132765
137
594841
9704
441617
83932
54487
55246
64084
11167
81282
554206
391359
196074
387869
10681
11009
27145
51110
100130729
57101
27107
81140
10314
151903
54098
100127974
24148
29101
2971
342531
9706
100132006
100130763
3925
84992
390329
100131885
4018
266724
9388
7700
22969
85451
729708
9863
9180
4210
151477
1039
26823
401647
65981
384
84861
8512
2972
129684
256227
9667
2196
728567
92736
728097
4817
84440
100129896
400506
5525
729926
216
26002
200504
123720
66008
219982
51703
166979
253152
10285
644915
4909
30008
29940
100130602
90352
58476
54902
81532
57657
84464
88455
150946
100129458
9923
9107
100133210
27255
138716
284129
8639
9583
644669
360200
100131211
83893
647034
23326
5443
23264
10161
11052
163486
1859
644943
7415
3178
81352
49861
100128176
729307
79830
221527
10748
344807
79731
255798
81566
57472
282618
28465
965
10904
8289
5930
3577
162962
285706
8841
100129083
56006
27156
84959
51333
391632
7879
28999
284697
27154
80737
136541
100130292
55110
260332
171019
100131717
8503
7762
3067
645685
23550
10444
407033
7150
3169
54842
85302
79075
122622
402394
221491
153129
8812
55028
375611
79339
6122
23318
8908
23112
3606
643954
9654
2856
64925
23269
389033
7428
64764
219972
396
23334
100130246
402057
151354
100131544
64834
57337
60675
29104
9778
389207
100129289
7351
148641
80273
345930
6423
645317
729643
30834
2326
285349
170954
2122
285359
8193
100130015
60468
6230
326
80776
644548
51192
390472
54742
55198
4237
646658
10308
100130433
728339
53838
56160
7464
79991
339665
84258
10893
3814
80781
149371
400765
390203
114785
100131268
3003
54554
91614
83598
2132
3696
26511
390078
100131533
136540
343052
4638
11184
6155
23331
100128932
51439
5277
647163
100131604
22865
9658
55779
51228
142827
5704
9814
57661
55841
162466
64081
57535
100130982
9236
100131807
91252
728217
100131813
8463
11120
51315
285175
100132061
57238
57862
5428
360160
100128944
57560
79993
442183
100129251
8034
65084
28907
128360
100129835
100132940
5360
57048
3163
130355
54904
5567
221294
23197
100128266
112840
29927
146862
344758
79296
729138
100132993
57105
55700
245972
677824
728655
151194
645367
5558
642702
54344
100129536
2308
221016
286076
8720
84154
80003
388931
54205
114134
5931
9689
7535
5623
100131890
729808
64866
10473
128770
57205
5306
126820
646600
26100
5988
100128021
8871
92815
56521
80152
26099
56252
23186
100128208
114915
649489
100132812
574452
26505
132243
9698
2778
6772
644638
149111
2288
643449
100130564
7030
399665
442429
6249
100128604
342615
63827
337876
968
162972
26093
7266
100129191
85486
339843
645513
9013
100130837
153218
256085
6210
286472
5273
81194
100129367
402213
100129683
6788
149840
8295
79663
360166
10668
115111
9249
199692
283588
6829
23609
80345
1813
100131338
27177
3621
80014
286676
100130512
81790
57185
100133205
27347
55735
26039
7781
10471
11025
169355
84267
494326
728869
10651
391707
7079
285095
317705
23619
6922
79071
100128013
6605
11224
286343
392529
23054
2057
27091
7620
23208
51166
4627
144811
84632
7975
391804
100131373
10951
148766
10388
51278
81209
55370
902
100131614
25929
55220
340526
80778
51070
4738
9878
7341
26291
55506
6529
5201
80263
729124
10089
482
55026
100130098
5329
79692
83888
118426
151613
56946
3562
3690
93517
727727
63898
284443
54106
23710
79973
388962
54807
57677
79777
63970
6518
339318
540
100128898
55671
391257
220359
729738
23401
391077
57057
643949
100129847
197322
27136
391533
9651
5287
120
55270
28462
728152
349136
3320
8642
89781
10017
100128903
317701
100130511
6406
8631
2205
3142
64788
375449
9097
644906
83444
51734
100129525
728724
4725
100130192
645120
85300
642460
100128431
7009
26045
81469
492307
29114
57017
4885
1371
11227
65005
644076
23498
57189
642776
221060
2637
729740
10820
9717
5593
22989
129790
6191
6014
4166
2497
2918
51678
123606
5621
116228
5020
26065
65989
128997
205564
353144
100131423
79140
8676
2203
10040
100129291
112464
284390
245806
9445
6767
728142
149844
649166
729257
730021
51
554225
56681
1471
392516
4683
200373
729142
100124402
100131471
100128826
2475
5467
374403
54517
25885
1448
11200
4693
402374
221756
5726
3305
790
100129103
8994
6940
5859
2533
92126
644129
9853
804
100129362
56259
818
8534
221504
8618
340602
157956
252839
11098
100130147
58158
100128422
167359
3061
100130331
6697
3720
140469
7204
57505
100129427
5495
994
735301
55280
1647
26225
100129523
10772
5256
100130302
26164
7165
390436
100129960
130540
166929
2020
81407
23603
646255
353174
150
5195
215
54530
90637
100131726
348980
4439
1007
100129061
139163
2058
645360
100129658
9788
80318
65243
54986
54931
344760
1522
5434
400129
1690
6259
54019
7918
6854
643875
442338
81619
286183
81856
100132529
10560
3608
4045
64403
643582
791120
574080
23266
389203
2145
2590
7318
127428
23766
392454
643684
55410
643264
440031
125875
58490
23248
51564
9994
100127206
8857
10214
399979
22987
644780
55773
729717
389458
100133235
130813
399687
79161
83551
100132755
8578
399950
91937
126626
2395
728665
728342
84217
128218
100128999
100131925
374872
3208
10804
128371
100128548
100131983
26872
728777
729537
80352
730255
5488
3096
100129388
55339
27294
645996
6141
1361
2764
6862
7592
5888
801
728805
147660
643246
64324
3043
7504
23270
100130251
90665
23336
1087
158833
54477
650172
3652
5007
5168
4313
55644
100128454
646196
642791
6631
6347
442211
83714
51164
729009
100132973
147199
100129256
79869
54885
22920
131578
285908
441938
255725
100128420
494197
100129377
10572
2101
4818
1968
222698
27063
7363
9334
732156
1164
4802
442213
57717
81487
100131051
8567
56288
6898
85027
6622
100131935
27329
25777
79742
339559
55140
29950
29980
5676
29925
9699
79613
645053
348645
4584
8443
93611
407037
646720
729971
729082
388942
2741
23639
54469
64321
4215
100132310
2117
9674
2502
100132739
390107
51135
80097
5875
2059
83696
2070
11086
403315
651250
392133
57181
50650
51447
81617
100129248
152405
100133108
131965
56658
10678
2246
8338
126826
92259
100101246
115653
1831
100129831
1263
10870
4200
90634
646612
64478
154860
645874
643916
100131289
80212
5199
339669
92822
23180
9921
91408
119765
8470
100131568
8209
202122
121727
91526
406911
2315
79533
319144
57520
5693
140831
55743
64711
647633
6007
7564
5145
1645
286148
128611
6627
122876
2702
9620
9967
83723
4051
51702
160518
729486
27241
64943
1946
387129
727969
50618
100131476
646908
389432
130026
23434
285647
84240
128668
731741
9421
4151
57165
644618
1717
132864
3875
148867
285829
219790
109
728599
946
345571
7348
128370
153643
23601
157570
26577
79865
100128169
127534
2624
144193
23293
441720
79576
8301
90113
677846
390081
56203
10112
442184
100129497
2673
1977
84894
5127
51429
51466
389332
2044
9122
2635
729454
100132989
392368
5270
653794
286122
5936
80119
7098
100128119
5739
729626
81569
3664
5348
442920
81695
54901
9528
153768
128338
28387
4867
27178
10670
26103
79800
389384
9963
54507
79609
9474
100128437
11019
100132937
51309
25898
493913
503583
4343
1298
167153
566
121296
6430
100129909
84307
55075
150737
83479
1991
2499
57121
8522
170960
150709
202020
51816
100131706
23383
22906
80319
26140
389136
9162
387119
4179
10718
9108
55908
79699
79673
302
4698
6611
100132083
3910
9705
642513
100132679
7791
5778
1014
94015
440044
9551
29765
220136
100132116
392382
80196
90990
441795
9470
6535
392540
120425
392288
100129944
100129279
54704
339210
8435
100130095
89958
404201
78991
23480
3141
84848
26115
151531
255220
3872
100130183
7299
28962
64174
27443
51084
11030
339967
768096
645054
4849
139422
30844
11251
381
26191
100129238
26062
729126
171024
642762
1531
642496
84176
83787
143279
51239
4482
644672
100131595
29124
6860
57509
127011
114781
3189
115294
171586
6004
10950
27180
993
9886
5803
5782
64922
100132537
100129803
4607
100132267
339896
7225
85236
374946
81324
135154
1278
55319
100131251
23057
54861
24147
147468
100131085
84947
549
146853
51673
286103
7089
285381
440955
391518
9749
6337
388407
400891
3428
222553
10753
81616
127002
283514
100132808
1662
5094
11124
3150
128153
154386
1532
84734
54040
2623
401934
118856
57674
347333
400617
6293
100131498
129560
137107
148103
125228
3566
727721
2173
10265
5912
4943
645922
55824
150244
729832
407024
553148
79094
100131439
81558
84265
80336
140730
152519
124221
1496
79864
100131827
60509
100132303
151295
4692
6710
5798
55146
4129
11035
401663
9813
5770
3739
11022
1143
389043
54868
9537
8648
1387
138802
9584
3972
143
164237
100132486
1629
2916
100132707
23113
645805
728682
113730
284648
256356
53353
8820
100130717
81832
57597
100129231
283219
728780
56882
642631
100128232
84532
27348
119
100128601
400866
221400
1058
58472
100130613
10415
4899
401409
9423
54544
83891
83692
344022
554210
25970
51023
337979
55201
163126
100129163
60682
100133225
9223
647109
453
100130219
1666
195977
114569
51642
4241
5118
4839
140886
57019
8744
401242
23566
11017
100133097
200403
100131801
26137
149650
221476
284998
54503
57451
10244
57795
23063
5828
51106
100133095
284313
54536
78996
391681
4047
441487
2357
353116
100131240
1909
10485
81159
200317
100129438
133923
9350
2665
65999
6998
10509
729794
100129716
91948
9167
100130315
10462
641522
7345
644578
100128395
2052
1445
285415
57583
64689
9860
84324
6856
116236
81264
10008
203111
2677
168002
284116
54476
100128081
4154
29085
100131530
266673
100132126
8596
100130155
100129218
728927
643865
222643
286480
131961
7321
100129753
643168
729566
644681
10234
54769
55656
55346
6620
100129876
727982
100131740
5868
285877
6594
163688
645478
204219
119392
128718
391470
3977
100129583
449491
93594
407040
100131370
84727
5650
80100
8382
100128413
100129135
84671
730184
79753
652411
359948
1687
9453
51617
80146
79009
253017
400934
100131073
390313
8840
3833
114192
57619
23616
11129
100130084
5062
1296
441887
100131893
5881
1555
29035
374986
126433
22999
391073
3857
130802
155435
201633
55214
1141
219858
100128870
100129814
100129007
391117
100133007
6506
9922
100133252
100129271
730201
7545
2151
284417
23262
83606
3680
641765
84498
118813
390327
100130776
339500
389376
5077
3788
7531
80139
4155
100129692
23746
54569
9400
642864
2732
401638
100128993
100130968
7115
29951
79300
347732
100129053
399947
22834
100129773
730094
8621
9750
133688
100132795
4855
114876
22885
64432
4838
79550
100128902
9121
286544
64005
337976
85378
84938
441899
5573
26493
100129348
9411
197358
22872
283189
55268
22926
55626
80316
51742
8440
3065
3981
729662
5364
9064
643941
80853
79940
150696
8106
25973
57666
58538
55716
84260
2890
100128153
10159
84447
84765
79168
494329
729911
100128554
124872
84168
219436
139425
9789
23557
100133296
3324
646187
79872
56994
145270
642819
10237
100129856
23099
100130142
2261
1525
92482
2128
55366
28514
26523
9245
5265
375056
337966
389558
57492
440072
23171
6955
100129955
84418
613227
5688
9232
1061
10644
100129456
6513
222584
100128613
57634
100133303
54541
728147
146057
1374
114827
646625
91
147929
133083
649095
55805
100127978
399978
83597
5104
119369
4091
346562
10318
100130031
51465
5489
142913
245930
5212
8531
4147
344892
140565
100132779
127795
23678
120796
730173
100127949
326337
117248
3280
80011
5701
10324
22824
219473
11148
6015
9690
4990
260340
613209
100132992
64710
245802
81839
147699
63948
64968
646535
2653
79958
100128062
83939
728294
79508
57821
810
5458
6720
4712
140803
51011
643015
208
2040
23043
100128997
401825
440311
7371
199699
644584
55573
730144
10466
55215
283902
2243
54873
284161
100126477
51663
285489
81295
100132424
84769
79676
22848
5049
100131036
57052
79679
26005
147429
285971
646962
10456
100129816
50863
10389
58528
91949
5519
23205
51087
1720
1758
283417
326614
23732
130576
645973
51802
806
51205
100128335
9629
3008
387758
150379
253820
339453
79974
387748
114800
730495
155185
388523
8214
391589
391462
55742
1266
51277
3791
284723
715
145645
54490
79971
729589
283450
344595
390294
286097
164312
10476
100129461
7652
7697
220974
402422
166070
777
5453
7307
84466
9238
5335
26980
100132440
78990
9941
285643
57282
246184
55195
5783
2185
100131418
90693
5566
100132137
100131034
284612
389493
4744
653588
1454
100130618
645474
10345
220885
100128641
26232
673
228
340260
6401
26122
728716
57617
100131056
85403
100131772
730124
10236
124975
399717
26088
219875
64924
85026
100131990
2257
25924
2100
391467
93986
388630
3757
100127986
286187
10743
200726
100131157
391012
79310
222236
8801
5520
83943
272
100128576
90019
100130431
641516
80092
100132805
644753
100130578
26986
144124
400986
100132242
391587
4888
6519
730034
9980
23654
55729
123207
442664
200014
8686
23576
152579
221264
100132121
326593
221458
100126493
79036
57626
84343
100125393
987
654463
163720
83697
100128955
80835
100130462
56942
151126
1299
140545
8739
140832
167410
100131774
100126509
100128570
7871
1767
100131089
3859
56204
1469
140885
23620
54798
1805
4783
646808
219970
442086
339879
677781
347097
124245
100127998
6992
8975
222255
10320
100130363
7472
23192
6690
79577
8745
92689
79802
284688
55769
1791
619518
6332
7159
55300
83661
83953
55252
3097
346711
5706
7373
83989
283303
100133124
326343
145757
342909
369
27190
389337
2570
79740
56171
5322
10671
4188
112724
100129335
656
5095
9427
126006
100133180
159963
2492
51088
8525
10609
6811
7161
3620
57212
440675
11185
343508
10232
6368
55634
10815
729591
642574
153571
343505
4922
10533
89869
132205
100131039
645626
54845
29964
54467
146279
1611
642319
6786
338699
1797
5005
100129149
59340
81579
202865
100132448
391807
441869
2158
442058
139231
3467
79845
100129381
767598
390079
6578
728763
153222
3748
22925
389174
728815
374907
390211
57403
78989
10071
282890
200576
838
2897
100128966
79490
119678
54947
143241
100130816
100128660
3663
644042
389369
89782
6092
388555
134147
113540
140101
57369
1048
50674
56062
84866
157530
84458
652423
3834
5349
260293
9378
10261
3235
79804
10716
342510
342527
254950
3567
7414
10282
23633
7837
7752
123876
55785
55225
80086
100128161
359748
1080
100133236
54795
100128790
6326
400058
391578
116285
956
8226
780776
10060
137682
10846
8464
400793
828
4690
8324
642968
10331
168417
7982
1089
54540
5122
100130226
1780
574016
390637
7941
10492
151825
1303
10048
9991
27123
83957
139378
89953
10840
26514
1003
133308
644232
402226
391081
1363
7310
100128916
6738
117155
55034
728098
100131512
131920
100130557
6277
100129520
728661
5786
100129212
22992
10249
139952
6445
54606
7059
3683
146760
26355
60592
3706
100133307
23022
100129848
100131060
647001
125113
10516
100129730
3973
127247
645301
340485
730110
729085
80210
339761
200150
23554
337967
652276
79706
23581
391844
56999
100130288
57216
160762
22899
2186
3326
201305
150921
100130307
389676
100132809
152189
1415
285362
100131469
127731
326627
10594
9320
26036
100128259
2160
54431
3631
5067
79955
100128542
23408
100130448
1716
7681
221806
4585
730226
129881
7903
8705
283579
100131348
2110
339855
5359
202181
8342
400454
729179
441505
79582
133558
6820
126755
53833
8995
9867
646560
5648
55789
5569
115
266747
85456
84933
81789
100131550
7840
167465
100128438
441097
391123
9098
100130969
9202
284912
5581
149466
646583
9022
3710
2135
93082
339
6507
442663
100128098
100129726
149069
60685
22854
200959
84570
55184
3827
55696
9100
57154
100132531
442382
51201
100131017
5259
1956
53632
57604
1118
390174
57404
643496
10230
389158
6661
4197
3780
132203
133482
100128238
100130357
146512
8409
727936
136371
25862
9390
8761
645638
727
2272
100131483
6414
645852
352909
6170
163933
26150
64599
347252
113802
353324
340351
400456
390007
642448
57159
442233
9448
10406
56776
84561
79733
5378
57826
401546
390924
5606
254187
100127936
140701
2066
4856
719
93010
729234
386678
7018
25960
7881
5993
8869
100128121
644016
10201
64326
85366
81544
219578
100133135
375686
5568
100131989
57574
440335
54870
261726
392442
284252
201243
5692
390423
100129781
1232
8614
319130
286094
140628
3215
203477
8549
442078
392862
222865
27303
100132074
222537
4293
645726
648708
10586
100129416
643406
403314
84303
23122
730978
389383
732
55231
100049716
1488
9678
23333
29943
391026
100133224
51179
3930
100130332
5628
647076
116966
23163
283298
26687
4168
100132658
79675
339352
3756
2561
4493
57568
100132056
64983
51002
9260
100129263
6397
1809
22821
84103
359736
27124
50937
56605
6391
347127
64420
827
340706
9356
284451
150084
54537
8692
54937
100132215
23567
100130623
9733
100129250
646021
762
103910
100132891
11034
55565
4807
139221
2259
11222
7477
120321
491
114188
150519
6357
6344
284611
221223
377007
9957
3704
400508
728588
2583
2645
400863
55083
100132473
3032
83871
5134
81270
647162
4605
8595
100132348
10200
387826
4985
64094
135886
286006
57829
4995
89876
163059
25836
84524
730974
114795
1729
254827
100131661
6900
51666
50940
91750
79870
1307
100128296
260341
150554
161
8326
6251
56246
10361
10625
90293
123099
266954
3897
718
390301
107
100128370
399980
6662
339201
100131335
100131229
79635
347119
2588
392617
155060
56241
391819
392485
643797
84624
51741
100130023
23627
391538
9783
7552
7500
285382
79370
139420
6290
23198
154215
730198
5502
359724
257019
57608
7125
649873
388886
100131130
1660
127687
441750
3358
2672
646576
728361
643114
3535
140689
100129568
81849
390816
9436
79017
113612
54905
26057
65263
54932
497258
23705
51112
23367
53411
391183
100129640
10590
3381
6865
64766
130075
392490
203413
140876
6426
23284
1269
5172
8973
8572
100133156
9315
2633
7173
317671
100129015
144448
6533
646970
8601
11156
149281
6733
93349
10829
100133117
7682
138882
162989
10418
341356
100130105
439915
283562
641515
83903
6209
9175
56169
100130206
25854
391051
3295
320
129522
8387
219438
25837
3041
28421
7579
26831
55890
100129810
57224
100129395
140870
153328
100128522
151887
51684
344887
100130946
100131805
114112
729059
401286
83698
85461
55763
401677
5379
285735
391179
23414
3737
6422
54492
29998
10858
402643
84957
344371
9413
2046
51738
5396
100127962
344462
846
346524
1149
23255
158506
4217
4968
23600
8651
392443
5224
165082
55289
83445
326590
9819
653924
5294
202559
644661
441893
5586
121549
401975
6336
9635
3617
115584
115209
55355
2271
51108
4159
23397
54967
375298
644651
392262
147381
11278
388813
401036
89870
284366
57514
93109
7417
54661
254048
285634
84560
9375
389180
27252
155061
7873
390937
6563
131368
3232
79026
79065
389765
129642
56158
644739
728947
4353
286102
728148
390649
1187
134
729696
340390
51725
10620
2880
132724
79345
391112
100132953
6490
9628
1829
27044
3551
84708
11040
55362
287
84659
25823
55217
1244
387837
23604
345258
249
56995
55349
100130943
89866
730512
100128822
246135
200844
149473
100131236
23647
26108
643965
127294
407023
399881
100131441
154197
100128914
92235
3651
646730
100131193
9159
112817
11082
6996
5949
169841
391472
57521
10231
1264
2798
8613
55068
388948
54016
80206
1501
220786
100129517
222068
1979
91942
2358
1890
91748
8864
4908
64284
4486
158401
374470
128822
116113
146439
100130123
26701
115019
2206
390403
441151
100132796
79258
7410
8587
4436
7142
400796
392456
81340
285513
26211
728376
84690
133150
23504
10905
100128988
349391
389144
54715
339168
55786
642006
55161
339906
386690
2649
26507
4017
114787
577
84722
51809
390101
6517
342184
58157
2705
729
145447
8787
100130336
79698
10447
85479
5607
100130490
100133169
5194
284422
71
7399
2852
197003
643884
64844
6323
1138
642741
118491
100129090
408029
6581
641367
145200
389123
283193
1400
375612
9312
57707
2547
138240
130700
23478
124152
100129130
645687
26973
646480
390894
7419
440419
11083
57545
57217
55869
1281
79961
57491
79908
6238
100129936
10647
1180
255239
151534
219771
729545
401646
128344
57449
135112
7851
2695
124871
54751
92345
100130373
4826
79827
7784
79315
91653
4301
205272
390988
118812
25875
647123
10113
55698
27075
26245
10379
8694
100132621
5105
441054
441907
5225
139189
59269
643031
8418
83878
49860
240
353006
79930
728191
57477
100128588
55117
79925
774
401260
149233
27089
494143
4323
400943
55222
79805
6770
729650
4072
85349
158809
100133311
100128051
9547
84517
53842
5697
553
100133208
100128546
214
100128987
55259
114786
9206
643911
90203
10181
84279
8993
26740
83873
729894
5205
54700
5730
9846
147872
1282
79838
4327
728250
401021
375061
400026
50853
3382
100128043
2104
56000
100128834
1491
123041
960
8910
284836
392221
57575
25833
100130353
285313
100130666
5132
642487
386653
169026
284680
10926
51455
221301
388591
55770
9265
284325
79906
1179
11211
83729
63976
5307
9369
59351
9626
51555
140836
387893
100130405
83594
643718
6792
84536
255101
7005
100128995
136853
9931
286023
474345
642818
387103
56907
286046
10205
642614
83869
339768
255762
23194
27112
1144
3679
113675
58155
148979
152877
1294
100129405
339766
4782
3161
317775
391657
26508
145837
100128705
2819
23247
83447
100126531
100130090
25943
100133019
2779
100128434
83543
1286
374407
54959
80108
400682
100131656
80705
116085
5446
29942
646813
389610
645840
406984
440706
55930
79776
100128725
5671
89872
460
28337
1571
368
260429
100131818
116369
91807
134548
23349
392255
5048
4828
375057
727827
51144
83468
100128596
11216
9721
100130601
9499
26689
6396
6195
27445
645634
7444
2199
138046
80746
659
83417
150372
127733
644325
220929
28232
63978
10490
843
832
100132328
151176
63923
80125
100130138
55504
54454
6204
25806
644237
6002
387715
727894
100133058
57628
129656
25979
9487
2033
2978
7102
4589
26011
5552
83733
442525
729497
10332
344838
647016
100133062
728896
168975
9515
100133268
79605
389599
25976
2853
6159
125488
3268
89765
9271
131831
647580
8664
89932
84701
11280
158248
128861
353299
5992
360030
1129
283551
51493
127623
359739
10505
387694
130940
56267
28346
100131347
729707
56914
644451
5771
83439
8894
23148
3269
3615
116154
1993
115123
282776
121273
376132
8092
3568
647177
3339
729977
441027
22887
100132318
10011
645646
1045
9563
100130044
138065
79033
80325
1506
8789
6699
6262
9649
100130801
124359
167681
9170
54857
392510
100132009
7554
404636
84791
81706
138162
286075
8653
55809
100130042
388276
1111
57088
100130718
6586
10103
317727
729975
54954
149428
222950
390597
5740
144699
677
6283
26548
11012
149837
78986
100129126
79912
127343
222008
51300
56269
728573
727977
57482
93190
56243
401541
1936
84230
65061
403284
23543
285195
9767
9420
345557
160065
55917
5898
5207
146771
2168
255119
221481
8630
100131892
728621
338674
100128977
114792
391696
91695
406992
10279
218
3752
100131195
25859
10216
261734
340273
10542
401114
100132146
644154
6913
5161
1638
392145
54212
9068
8675
91734
440518
786
128434
7099
23521
643342
143666
27010
54788
10762
653645
2922
414899
60482
51078
326297
100130184
4544
64409
643471
84173
114088
10642
55277
8543
401191
647281
4595
100128066
257062
6566
1932
100128852
84310
60313
401498
340543
390035
253724
64168
5710
344905
9615
9865
10777
100126521
400593
131405
3560
55714
54052
57157
642337
360203
399783
1360
2915
646956
260425
83605
203102
116379
353497
642511
400533
126206
220441
100126527
647099
387914
100132656
379007
221823
2984
10267
255967
10669
339483
200810
58189
390928
113146
441643
340460
80019
7224
114789
389197
81578
6809
3763
5746
199720
10690
646995
285759
1119
57007
441239
391387
63876
132200
126308
7448
2048
407
2494
108
10633
7025
3361
54952
8829
9351
7080
100131576
255308
57462
100128921
54810
100130502
391053
100128547
51305
644743
121130
130589
60673
642554
10178
27128
92691
6369
26516
391722
285989
390892
4651
730036
93166
401123
51251
8515
100130316
6440
344191
55584
643751
5950
200539
79308
100130605
100129033
55315
1586
81025
653381
619373
90865
441732
285600
7172
283711
2609
100130329
100128017
140456
221091
51327
401474
145165
80256
7075
83690
3205
283212
51083
22955
1010
11031
392225
4025
27159
123787
51130
885
645944
401973
286053
257106
114819
57453
127665
79083
728392
359710
91746
730043
401705
79034
10865
130367
4137
7455
1318
2903
56961
136263
158521
389328
100132822
11155
23519
143379
2867
5919
65055
54073
8707
1437
26267
100132225
388588
10058
57624
5126
6949
140578
50506
114196
29062
1046
642938
255104
79677
100131617
100131603
100128272
388882
343629
54437
151242
3883
113746
266783
1607
386726
1953
152831
377047
147646
10458
100132159
1814
191585
400830
440387
132014
326275
131890
4135
122664
10972
10022
26281
133748
442266
57758
729229
3776
6557
285755
100130647
220004
648532
3938
26027
100128661
100131700
153579
440132
84272
80736
9125
6252
84083
648442
100128707
254050
80267
100132814
477
503634
176
285220
728318
79644
5530
23765
283847
79639
57595
138009
57537
54329
160492
81261
2557
3336
3898
55112
152100
64184
643308
388007
5602
100132919
114821
23371
2125
126859
84539
8000
158038
4580
402152
84976
9794
100130391
134082
6539
136227
28513
646770
56981
202309
440330
353135
266722
28316
100132762
131474
56944
25891
9177
645251
789
341032
166863
143188
442267
9736
728619
10529
100131093
344752
83868
57552
199731
2742
9687
80723
374860
84319
6512
100129514
3155
2845
134526
431704
128209
375337
345062
100131909
1996
154288
388324
9760
442304
3516
121214
390206
6538
56159
50700
728773
339209
5689
9133
2566
525
440125
84547
6707
57818
348303
6511
4143
375347
7060
5802
80851
646804
199920
100131394
4060
3240
100132788
9600
646794
100132592
91404
100128111
1750
401044
79290
730194
644714
10077
4000
23426
100129286
65268
220070
363
9367
83850
100129153
195814
388946
647174
79155
392308
56934
5545
729479
56287
83876
100127992
7021
201134
100129074
9655
219453
80028
282786
79946
100129767
100129700
388121
6442
83734
122509
729739
3713
56832
2899
379034
162966
676
81126
57144
11076
146802
343990
85455
51421
26054
343641
646270
9289
131909
131669
9076
100131431
114805
7100
388336
146845
23127
400950
728215
442181
151835
2302
401190
2564
119694
644604
243
2572
116071
55966
1395
3200
400224
441631
100129386
1584
55048
55084
100128787
23617
285888
646058
441818
5506
7482
399967
51661
390006
26852
144321
64760
671
6334
374977
54991
406906
100132713
285676
4987
100130986
53832
64240
100132978
8712
6236
58503
10487
50604
442153
66004
6100
400451
9441
136991
65267
22874
391137
2294
85379
7223
6340
388135
7325
2065
729987
401875
114818
1016
8120
388503
30818
379027
1828
2813
4004
401271
84643
6917
85449
6674
84787
51196
80157
139334
727897
100128985
25895
6954
400535
2828
118424
94160
399694
280
84109
442117
127833
644616
84812
285016
27185
54806
646174
5792
728756
85407
578
23527
3754
122449
81242
220164
11309
9700
153562
26468
29070
50939
285555
5015
100130087
55258
646053
146894
100128442
441609
55691
4986
100129702
648947
203447
100129620
196385
100129725
401052
9479
403278
7092
154043
248
283677
196500
100130522
100132776
285613
400941
5332
1
2719
100132641
645940
57578
100129690
131096
79712
100129857
283310
286499
353189
153
100131710
345016
85320
642381
26533
158800
80012
391075
50649
6928
731940
55800
338761
55669
100131117
93622
100130767
146212
2299
3764
2911
255928
100128505
3745
729406
10376
162333
1672
83851
147658
100132631
100128764
23245
4604
54829
4224
646696
6242
343515
51412
343450
100131031
2641
4850
284269
148713
51352
646430
124817
729330
29119
131540
117531
90070
89
140739
1290
100129101
285679
390791
9971
414194
145957
83938
91862
11285
192669
84465
10814
326309
79785
9590
56063
344653
57188
130728
56967
387712
404220
3856
100128282
246119
92292
3356
645357
22902
130106
203074
1009
8513
2694
4640
284615
3850
6376
154313
1091
11093
56156
4653
100132358
340156
283446
100131598
93233
84062
100129644
100130275
51121
399965
84448
3198
56924
23114
55321
57214
9498
6559
113691
2877
55531
680
6527
133874
4319
6331
5460
10411
55282
1620
8460
100129287
645960
8796
100128676
374655
181
391428
8647
646543
284338
100130995
65012
100129653
94233
89884
121256
10391
91683
647188
128674
148066
283129
10481
100131552
10618
100128134
8756
27115
284427
100131257
728549
283208
57053
51560
183
143458
283652
23514
339403
130951
100128076
7288
114788
4883
57554
5794
150159
100129633
285590
81833
221241
84189
65979
10278
645754
10395
219621
57579
137902
93649
2327
23105
1271
729417
83539
26280
8749
4916
100127920
92293
