# Order in which each feature was ranked by the feature-selection algorithm. When cross-validation was used, the values represent average ranks across the folds. Note that these values are calculated on the assumption that all features received a rank, whereas some feature-selection algorithms do not assign ranks to all.
Feature	Rank
3484	4.944444444444445
2769	5.5
6833	6.444444444444445
509	7.0
5224	7.388888888888889
6844	8.0
8720	10.38888888888889
6728	12.444444444444445
6141	16.38888888888889
90701	17.0
9254	18.22222222222222
10681	19.055555555555557
54205	19.666666666666668
6229	20.27777777777778
9377	20.38888888888889
26251	20.5
6391	22.166666666666668
6514	22.944444444444443
2793	25.0
1351	26.444444444444443
2782	28.833333333333332
513	29.555555555555557
539	31.555555555555557
5207	34.5
6134	34.55555555555556
11069	34.94444444444444
6734	35.05555555555556
6168	35.22222222222222
51764	36.166666666666664
4700	36.22222222222222
23236	37.388888888888886
3708	38.5
1349	39.55555555555556
55676	40.77777777777778
2786	40.888888888888886
8802	42.5
2688	43.388888888888886
5091	44.611111111111114
775	44.77777777777778
152	48.5
54539	49.166666666666664
6129	49.166666666666664
2645	49.666666666666664
51738	50.05555555555556
3479	52.388888888888886
2110	53.333333333333336
3420	55.833333333333336
58477	58.0
5313	58.833333333333336
2641	60.166666666666664
3488	60.44444444444444
3710	61.05555555555556
1649	65.94444444444444
2864	66.11111111111111
5230	67.33333333333333
467	67.72222222222223
4191	68.77777777777777
55770	69.11111111111111
6731	69.83333333333333
2785	70.5
64924	70.61111111111111
2778	70.66666666666667
27230	71.16666666666667
1738	71.44444444444444
2775	73.44444444444444
2108	73.72222222222223
9349	74.72222222222223
6861	75.55555555555556
5611	78.0
2792	78.11111111111111
6234	78.38888888888889
4723	79.22222222222223
291	80.55555555555556
354	81.0
2026	84.05555555555556
23530	86.0
6208	86.22222222222223
4644	88.27777777777777
6165	88.88888888888889
6748	89.22222222222223
9167	89.33333333333333
6228	89.83333333333333
5568	91.22222222222223
1329	93.83333333333333
4967	93.88888888888889
3419	95.66666666666667
2271	96.77777777777777
5160	96.83333333333333
5906	97.11111111111111
6123	97.33333333333333
4731	98.77777777777777
522	100.88888888888889
2740	101.22222222222223
9495	103.33333333333333
22926	106.38888888888889
4702	107.55555555555556
6192	108.16666666666667
6158	109.05555555555556
1514	110.33333333333333
55176	110.38888888888889
3309	110.94444444444444
2197	111.44444444444444
10952	111.55555555555556
11336	113.11111111111111
4701	113.66666666666667
292	114.22222222222223
4800	115.72222222222223
1363	117.83333333333333
773	120.38888888888889
3747	121.0
5162	123.88888888888889
5208	124.27777777777777
4710	124.5
3483	124.72222222222223
5210	124.77777777777777
6210	125.5
2109	125.55555555555556
5566	126.88888888888889
27089	128.72222222222223
10640	131.55555555555554
3421	133.38888888888889
5315	133.61111111111111
2767	134.33333333333334
2597	135.5
5578	136.27777777777777
5211	137.27777777777777
10476	137.33333333333334
3790	139.38888888888889
3745	139.83333333333334
4707	139.94444444444446
54331	140.61111111111111
6730	140.83333333333334
55763	140.88888888888889
8801	142.11111111111111
23478	143.22222222222223
6390	144.27777777777777
2770	144.33333333333334
6194	144.61111111111111
230	144.72222222222223
4189	144.94444444444446
3651	145.11111111111111
3952	146.38888888888889
6138	147.11111111111111
4724	149.55555555555554
6729	150.11111111111111
6217	152.16666666666666
10411	152.72222222222223
59345	155.44444444444446
5575	156.55555555555554
148867	156.66666666666666
5340	157.88888888888889
229	158.66666666666666
7941	158.77777777777777
4728	160.88888888888889
7381	161.44444444444446
23480	163.0
3767	163.0
1737	164.05555555555554
51726	164.44444444444446
4694	167.55555555555554
3485	168.22222222222223
8803	168.72222222222223
23265	169.66666666666666
2081	171.0
9709	171.77777777777777
55970	172.05555555555554
4698	172.22222222222223
6812	173.05555555555554
2147	173.11111111111111
226	173.33333333333334
28972	173.77777777777777
2776	174.38888888888889
2771	174.55555555555554
2791	174.66666666666666
6137	174.77777777777777
5330	176.22222222222223
5209	176.55555555555554
4722	178.83333333333334
6223	180.94444444444446
1327	181.83333333333334
4718	181.88888888888889
521	182.72222222222223
114	183.61111111111111
1131	183.66666666666666
6233	184.11111111111111
5873	184.38888888888889
4705	185.05555555555554
4717	186.77777777777777
5213	187.83333333333334
7384	187.88888888888889
6804	188.22222222222223
29796	189.94444444444446
6745	190.94444444444446
2027	192.16666666666666
6227	194.38888888888889
374291	194.44444444444446
9551	195.05555555555554
2821	196.16666666666666
4313	196.22222222222223
5576	197.11111111111111
2788	198.72222222222223
506	199.05555555555554
60559	199.77777777777777
60412	201.16666666666666
126328	201.33333333333334
3489	201.77777777777777
1650	201.77777777777777
590	201.88888888888889
5214	202.05555555555554
3799	202.33333333333334
4712	203.16666666666666
111	203.66666666666666
6157	203.66666666666666
7385	205.22222222222223
4714	205.27777777777777
4708	206.16666666666666
60676	207.05555555555554
94235	207.83333333333334
1537	208.22222222222223
6747	209.61111111111111
4719	210.0
783	210.44444444444446
51360	210.72222222222223
6184	211.88888888888889
5567	214.38888888888889
777	215.05555555555554
5069	216.61111111111111
29927	219.0
6513	220.0
5331	221.05555555555554
3486	221.83333333333334
3418	222.05555555555554
149371	222.44444444444446
26330	222.5
5080	222.88888888888889
4711	224.27777777777777
10632	224.72222222222223
6135	225.27777777777777
50	225.77777777777777
150	226.27777777777777
784	226.88888888888889
6124	227.44444444444446
4696	227.66666666666666
6185	227.72222222222223
4082	228.44444444444446
7494	229.16666666666666
2784	229.44444444444446
51079	230.44444444444446
4726	230.72222222222223
9314	231.22222222222223
4695	231.55555555555554
4716	232.0
9695	233.22222222222223
5126	234.83333333333334
55967	235.0
776	237.05555555555554
4821	238.05555555555554
3487	238.27777777777777
10130	238.5
515	240.05555555555554
30001	240.77777777777777
1340	241.22222222222223
8050	242.22222222222223
4706	242.77777777777777
4720	242.88888888888889
1965	242.94444444444446
4312	243.22222222222223
6146	245.05555555555554
10975	245.27777777777777
4704	245.55555555555554
54536	247.0
4697	248.11111111111111
5573	249.61111111111111
5122	249.88888888888889
8826	252.05555555555554
4736	252.5
9630	253.77777777777777
6746	254.16666666666666
2023	256.6666666666667
112	256.8333333333333
2783	257.5
9451	258.94444444444446
6616	259.3888888888889
3709	259.6111111111111
4713	260.1666666666667
6160	261.94444444444446
7167	263.22222222222223
