# Order in which each feature was ranked by the feature-selection algorithm. When cross-validation was used, the values represent average ranks across the folds. Note that these values are calculated on the assumption that all features received a rank, whereas some feature-selection algorithms do not assign ranks to all.
Feature	Rank
6548	1.8333333333333333
6517	5.222222222222222
284111	5.833333333333333
10861	6.722222222222222
25769	7.5
283375	8.555555555555555
246213	9.944444444444445
6571	11.38888888888889
6574	15.444444444444445
6522	15.777777777777779
146802	16.0
6514	17.38888888888889
115019	18.555555555555557
200010	18.555555555555557
6511	18.666666666666668
154091	18.833333333333332
10568	19.22222222222222
10723	20.88888888888889
54716	24.833333333333332
84889	25.166666666666668
6005	25.38888888888889
6564	25.5
30061	25.72222222222222
140679	25.944444444444443
23539	26.555555555555557
9497	31.11111111111111
6528	32.55555555555556
57835	35.77777777777778
7780	35.833333333333336
6561	38.0
27173	38.611111111111114
11136	41.111111111111114
142680	41.5
6549	42.05555555555556
9058	42.388888888888886
6531	42.5
6519	42.888888888888886
6563	43.0
8671	43.5
60482	45.94444444444444
6524	46.44444444444444
92745	46.94444444444444
6559	48.0
9194	48.0
9123	48.0
23446	49.888888888888886
121260	49.888888888888886
6550	50.388888888888886
7781	54.666666666666664
6546	55.333333333333336
29986	55.666666666666664
6536	56.388888888888886
11254	56.888888888888886
115584	57.0
57181	58.72222222222222
9187	60.72222222222222
29985	60.77777777777778
6508	63.833333333333336
348932	64.38888888888889
8170	64.66666666666667
6557	65.27777777777777
83697	66.94444444444444
169026	67.94444444444444
6513	70.44444444444444
6543	71.55555555555556
6568	72.11111111111111
66035	73.44444444444444
6512	73.94444444444444
10991	74.83333333333333
9057	76.27777777777777
117247	78.44444444444444
55676	78.44444444444444
9990	78.72222222222223
160728	78.83333333333333
23428	79.27777777777777
25800	79.44444444444444
123041	81.05555555555556
6566	81.55555555555556
148867	82.72222222222223
8140	83.11111111111111
64116	84.33333333333333
9152	84.33333333333333
6541	84.83333333333333
6560	85.11111111111111
6506	86.77777777777777
6510	86.94444444444444
9498	87.55555555555556
23315	88.16666666666667
81031	90.05555555555556
6538	90.33333333333333
204962	91.11111111111111
6520	91.22222222222223
6556	91.72222222222223
5172	91.83333333333333
6529	94.72222222222223
6570	94.77777777777777
206358	95.66666666666667
6582	96.61111111111111
124935	96.66666666666667
65010	96.88888888888889
51458	98.88888888888889
6565	100.83333333333333
1811	101.66666666666667
6507	104.61111111111111
10479	104.66666666666667
6521	105.11111111111111
1317	105.27777777777777
6569	105.83333333333333
7922	106.61111111111111
51296	106.83333333333333
285195	107.11111111111111
254428	108.5
57030	109.72222222222223
6533	110.05555555555556
6553	112.11111111111111
7779	114.22222222222223
6558	114.94444444444444
9056	115.83333333333333
55630	116.44444444444444
6518	117.88888888888889
64924	118.33333333333333
6547	118.5
6539	120.44444444444444
29988	122.27777777777777
6523	122.5
64849	122.83333333333333
54407	123.05555555555556
1836	123.16666666666667
84679	124.33333333333333
114134	124.72222222222223
57127	125.16666666666667
56301	126.11111111111111
57419	126.94444444444444
23657	128.0
84102	128.22222222222223
6575	128.38888888888889
6530	129.11111111111111
8501	129.38888888888889
6534	130.11111111111111
23516	130.94444444444446
6515	131.27777777777777
26503	131.61111111111111
80736	132.5
56606	133.27777777777777
6505	135.66666666666666
55089	136.55555555555554
11182	137.11111111111111
6509	137.55555555555554
57084	137.88888888888889
26266	138.88888888888889
57468	139.22222222222223
6540	139.66666666666666
4891	140.16666666666666
55117	140.61111111111111
81539	141.88888888888889
126969	142.33333333333334
115111	143.88888888888889
80024	144.16666666666666
6542	146.16666666666666
57153	146.94444444444446
