# Order in which each feature was ranked by the feature-selection algorithm. When cross-validation was used, the values represent average ranks across the folds. Note that these values are calculated on the assumption that all features received a rank, whereas some feature-selection algorithms do not assign ranks to all.
Feature	Rank
79623	6.333333333333333
26227	7.611111111111111
2805	12.0
64802	12.88888888888889
80146	13.88888888888889
442117	15.88888888888889
81579	16.444444444444443
5167	23.444444444444443
4953	25.27777777777778
10855	25.444444444444443
9	26.77777777777778
137964	27.61111111111111
3293	29.61111111111111
51606	33.22222222222222
6609	34.888888888888886
84076	35.166666666666664
84620	35.55555555555556
124975	36.55555555555556
29071	37.77777777777778
166929	37.888888888888886
275	38.44444444444444
978	41.44444444444444
1583	41.55555555555556
8277	41.666666666666664
1644	42.27777777777778
2180	43.111111111111114
669	44.55555555555556
27090	45.388888888888886
9563	48.5
5336	49.611111111111114
1582	50.166666666666664
1544	50.166666666666664
5408	50.166666666666664
251	51.22222222222222
8564	56.5
154141	58.27777777777778
91734	60.55555555555556
8611	61.27777777777778
6916	63.111111111111114
84701	63.72222222222222
2747	64.38888888888889
64131	65.22222222222223
239	65.66666666666667
10588	68.38888888888889
411	69.66666666666667
113612	70.44444444444444
126	71.22222222222223
6390	72.27777777777777
9388	72.38888888888889
160851	73.38888888888889
3703	74.05555555555556
1607	74.38888888888889
4128	74.38888888888889
2571	74.77777777777777
10380	75.38888888888889
2595	75.44444444444444
2527	77.11111111111111
85365	79.38888888888889
27165	79.94444444444444
3423	81.44444444444444
8681	82.61111111111111
125981	82.83333333333333
5169	82.88888888888889
145226	85.5
127124	87.44444444444444
3613	89.05555555555556
2137	89.11111111111111
27124	90.55555555555556
5742	91.38888888888889
83440	92.27777777777777
4669	93.05555555555556
93183	93.38888888888889
1606	93.83333333333333
2531	94.38888888888889
57804	94.66666666666667
3073	95.44444444444444
55163	95.94444444444444
84992	99.0
11253	99.11111111111111
517	99.44444444444444
23205	99.94444444444444
7084	100.72222222222223
4846	102.27777777777777
63917	103.94444444444444
222	106.22222222222223
6448	109.11111111111111
23553	111.05555555555556
5213	111.22222222222223
4329	114.44444444444444
9331	116.05555555555556
56895	116.05555555555556
9245	116.88888888888889
7298	119.22222222222223
2875	119.61111111111111
1040	119.83333333333333
9249	120.38888888888889
51181	121.5
4337	121.94444444444444
23600	122.33333333333333
3067	123.0
221	124.88888888888889
4199	125.72222222222223
28	126.0
117248	128.44444444444446
168391	128.66666666666666
518	129.27777777777777
1621	131.27777777777777
4860	133.33333333333334
2539	136.05555555555554
2548	137.16666666666666
3948	139.88888888888889
10623	140.11111111111111
55224	141.05555555555554
9061	142.55555555555554
3340	142.88888888888889
10558	143.61111111111111
3425	146.38888888888889
130	146.61111111111111
2597	147.44444444444446
10797	148.44444444444446
10229	149.38888888888889
5409	152.83333333333334
5051	154.94444444444446
2650	156.72222222222223
686	157.94444444444446
1584	158.27777777777777
84647	159.38888888888889
26330	160.55555555555554
9197	160.83333333333334
4712	162.55555555555554
8513	162.66666666666666
5320	163.38888888888889
56953	163.66666666666666
1558	163.77777777777777
51	163.77777777777777
1119	166.27777777777777
8372	166.83333333333334
6718	167.38888888888889
8310	168.22222222222223
2592	169.88888888888889
116285	170.94444444444446
3242	174.38888888888889
4718	174.83333333333334
51601	175.11111111111111
217	175.44444444444446
79178	176.0
11320	176.83333333333334
58510	177.05555555555554
3990	178.22222222222223
89869	178.38888888888889
1355	179.33333333333334
10993	182.22222222222223
622	182.88888888888889
120227	184.33333333333334
10768	184.5
80339	185.33333333333334
5631	185.5
27235	185.83333333333334
7083	186.44444444444446
226	187.11111111111111
2530	188.5
80270	188.77777777777777
6470	189.11111111111111
5332	189.77777777777777
326625	190.61111111111111
55650	190.83333333333334
4700	191.11111111111111
51144	192.88888888888889
2762	197.0
4952	197.94444444444446
2678	199.72222222222223
6723	202.55555555555554
10201	203.33333333333334
5095	204.22222222222223
84706	204.44444444444446
2730	205.33333333333334
125965	205.33333333333334
4907	205.88888888888889
3636	206.05555555555554
242	206.55555555555554
283208	208.0
8630	209.05555555555554
55907	209.38888888888889
4706	210.77777777777777
10905	211.44444444444446
8992	211.61111111111111
3373	212.44444444444446
55568	214.5
535	214.61111111111111
7368	215.27777777777777
2687	217.16666666666666
256435	218.72222222222223
6184	218.72222222222223
201595	219.05555555555554
9487	220.72222222222223
22928	221.0
23498	221.5
4121	226.88888888888889
10606	227.0
2806	229.27777777777777
2523	229.61111111111111
23475	230.38888888888889
9945	232.5
5287	232.83333333333334
1586	233.0
8692	235.55555555555554
4695	237.27777777777777
5232	237.94444444444446
1573	238.33333333333334
337876	241.38888888888889
526	241.55555555555554
2583	241.66666666666666
8526	242.11111111111111
157506	242.88888888888889
6472	244.44444444444446
27349	244.66666666666666
427	244.77777777777777
132	245.11111111111111
6677	246.55555555555554
57026	247.72222222222223
5091	248.38888888888889
2134	250.88888888888889
10317	253.77777777777777
51703	256.6111111111111
51728	258.8333333333333
1635	259.44444444444446
1608	259.72222222222223
55256	260.3333333333333
1716	261.94444444444446
10170	265.3888888888889
25834	266.72222222222223
51477	266.8888888888889
594	268.3888888888889
8705	268.5
3033	268.6111111111111
4694	271.05555555555554
7498	274.3888888888889
4047	274.77777777777777
7915	275.0
55361	275.77777777777777
84720	275.8333333333333
4124	276.5
4338	277.6111111111111
1160	278.1111111111111
3251	278.8888888888889
55753	283.3333333333333
5053	283.6666666666667
2720	283.77777777777777
5009	285.72222222222223
127	287.3888888888889
8560	289.55555555555554
11232	290.05555555555554
65263	295.72222222222223
8382	298.1666666666667
54965	298.3888888888889
10654	298.72222222222223
218	298.8333333333333
54988	300.22222222222223
9517	300.55555555555554
219	301.55555555555554
8527	303.3333333333333
5211	303.8333333333333
84693	305.1666666666667
875	305.3888888888889
4144	306.0
26279	307.44444444444446
230	307.77777777777777
440	307.8333333333333
29958	310.5
51604	311.1666666666667
170712	311.22222222222223
1571	311.8888888888889
54480	312.05555555555554
2591	314.1666666666667
1491	314.3333333333333
1807	315.6111111111111
23556	316.1111111111111
5335	316.3333333333333
33	316.55555555555554
5433	317.0
7358	317.3888888888889
114805	318.1111111111111
3145	318.3888888888889
3419	321.3333333333333
11112	322.05555555555554
5230	322.55555555555554
84649	322.94444444444446
10678	323.0
7108	323.44444444444446
18	324.77777777777777
80201	325.22222222222223
2203	328.0
587	331.44444444444446
27010	331.94444444444446
56623	332.8888888888889
1594	333.3888888888889
515	333.8888888888889
1854	334.3333333333333
56901	335.8888888888889
8760	336.44444444444446
84274	337.1111111111111
4842	338.1111111111111
522	338.3888888888889
847	340.05555555555554
2053	340.05555555555554
57834	342.05555555555554
5338	342.6111111111111
6307	342.72222222222223
1373	342.8888888888889
10063	343.72222222222223
84245	344.55555555555554
134147	344.55555555555554
6675	346.8888888888889
3705	347.8888888888889
2538	348.94444444444446
26007	349.27777777777777
539	349.3333333333333
23545	349.8888888888889
2584	352.6111111111111
50814	352.6666666666667
29926	352.94444444444446
3099	353.0
1351	353.5
4122	356.3333333333333
3294	356.94444444444446
5407	358.0
11226	358.1111111111111
10975	358.1666666666667
3795	358.94444444444446
2632	361.1666666666667
2686	362.22222222222223
2746	364.1666666666667
221223	365.27777777777777
197258	365.77777777777777
1036	367.44444444444446
339221	367.5
7923	369.05555555555554
126792	369.55555555555554
151531	370.6111111111111
247	372.1666666666667
2645	374.22222222222223
6697	374.8333333333333
122622	375.05555555555554
7381	375.1111111111111
2529	375.27777777777777
138429	376.44444444444446
9488	376.55555555555554
4717	376.72222222222223
471	377.3888888888889
23193	378.0
2683	378.1666666666667
151056	378.1666666666667
10998	378.27777777777777
5224	378.44444444444446
5106	379.6111111111111
9365	380.77777777777777
3420	380.8333333333333
314	381.44444444444446
248	382.22222222222223
64768	382.6666666666667
54363	383.1111111111111
5322	383.22222222222223
8309	384.55555555555554
2799	384.55555555555554
27430	385.3888888888889
5214	385.6666666666667
6241	387.55555555555554
8803	388.5
2271	389.3333333333333
290	392.72222222222223
1638	392.8333333333333
55229	393.6666666666667
521	396.44444444444446
4191	396.72222222222223
54947	396.8888888888889
1603	398.05555555555554
1633	398.3888888888889
7390	400.55555555555554
57818	401.72222222222223
51004	402.05555555555554
48	402.94444444444446
140838	406.0
661	406.1111111111111
1353	407.72222222222223
262	408.94444444444446
8529	412.5
528	412.8333333333333
8733	413.27777777777777
6713	414.5
2181	415.94444444444446
1559	416.0
9296	419.6111111111111
11227	419.77777777777777
1962	420.5
1371	421.72222222222223
56913	421.8888888888889
270	422.0
8802	422.22222222222223
4507	423.0
84532	423.77777777777777
5298	424.0
2639	424.05555555555554
55301	424.3333333333333
51102	425.0
3158	427.44444444444446
81616	427.77777777777777
91373	428.3888888888889
11041	428.55555555555554
6898	428.77777777777777
51179	428.77777777777777
7263	429.1666666666667
50484	430.05555555555554
2651	430.44444444444446
29922	430.6111111111111
51082	430.6666666666667
6185	431.1111111111111
245972	432.3333333333333
51056	432.3888888888889
25885	434.1666666666667
8566	434.3888888888889
94005	438.8888888888889
55703	439.55555555555554
5730	441.22222222222223
221823	442.77777777777777
586	444.6666666666667
1609	444.6666666666667
5437	445.72222222222223
2528	445.8333333333333
5160	449.27777777777777
5833	450.94444444444446
3945	454.8888888888889
65220	458.44444444444446
9377	458.8333333333333
26290	459.3333333333333
84265	460.77777777777777
11343	462.1666666666667
79646	462.55555555555554
6342	462.94444444444446
3157	463.22222222222223
56994	463.27777777777777
57678	466.5
54107	467.44444444444446
23305	468.55555555555554
53630	469.6666666666667
5831	470.1111111111111
4722	471.5
64409	472.6666666666667
525	473.3888888888889
4723	473.8888888888889
5805	474.44444444444446
30814	475.5
5321	477.55555555555554
8818	479.55555555555554
64132	480.3333333333333
55304	480.6111111111111
5288	480.72222222222223
9468	481.3888888888889
51301	482.55555555555554
3290	484.3333333333333
100	484.55555555555554
3081	485.0
549	487.3333333333333
138050	488.0
51809	488.1666666666667
1562	488.6666666666667
593	490.22222222222223
7363	492.05555555555554
210	493.1666666666667
1152	493.72222222222223
1585	493.94444444444446
4705	494.72222222222223
1312	496.77777777777777
79796	497.0
7991	498.72222222222223
272	499.55555555555554
2235	500.1666666666667
7054	500.3333333333333
8525	504.1111111111111
5315	506.22222222222223
3706	507.0
5723	507.27777777777777
9942	508.5
146664	509.6666666666667
5198	509.8888888888889
84172	509.94444444444446
10400	511.94444444444446
3028	512.7777777777778
1339	513.6111111111111
435	513.7777777777778
22856	514.2777777777778
39	514.5
3283	515.6111111111111
1610	519.4444444444445
5050	520.2222222222222
4711	520.7777777777778
7941	522.3333333333334
5424	523.5555555555555
3612	523.8333333333334
3098	524.0
284098	524.1666666666666
4548	524.2222222222222
4249	525.1111111111111
5331	526.3888888888889
64600	526.9444444444445
5330	528.6111111111111
2582	529.0
1788	529.0555555555555
8394	531.2777777777778
36	531.2777777777778
2184	531.5
22845	533.0
7299	533.2222222222222
7167	533.3333333333334
254531	534.1111111111111
54995	535.4444444444445
1503	536.3333333333334
2222	537.2777777777778
509	538.3333333333334
211	540.4444444444445
7357	541.9444444444445
8694	544.7777777777778
5444	545.1666666666666
8789	545.5
1555	546.1666666666666
1158	546.7222222222222
84284	547.1666666666666
3421	548.3333333333334
3712	548.5
4724	549.8888888888889
283871	549.9444444444445
50487	549.9444444444445
55500	551.2222222222222
3628	552.9444444444445
30834	553.2222222222222
4357	554.5
79053	554.8888888888889
1841	555.3333333333334
7086	556.1111111111111
26275	556.6111111111111
5557	557.1666666666666
81849	558.6111111111111
64816	558.9444444444445
5430	560.5
80142	560.6111111111111
10423	561.0
5406	561.7222222222222
4731	562.7777777777778
79814	563.0555555555555
10826	563.3333333333334
131669	564.3333333333334
113451	565.3333333333334
5625	568.7222222222222
8854	571.3333333333334
259307	571.7777777777778
5236	574.1666666666666
29925	578.5555555555555
53354	578.8333333333334
7378	579.8888888888889
8879	580.0555555555555
1349	580.3333333333334
51109	580.3333333333334
51540	581.1111111111111
7306	581.1666666666666
441024	582.8888888888889
8613	583.7777777777778
8867	584.3888888888889
8608	584.7222222222222
125061	585.2777777777778
4710	585.5555555555555
119548	585.5555555555555
5438	585.6666666666666
10873	585.7777777777778
2058	586.6666666666666
7264	587.5555555555555
3418	587.6666666666666
5980	588.4444444444445
51251	588.7777777777778
4707	593.1666666666666
4143	593.5555555555555
223	593.9444444444445
790	598.6666666666666
9348	600.7222222222222
5740	601.0555555555555
125	602.8888888888889
3284	603.1666666666666
5446	603.3333333333334
8659	605.3888888888889
4696	605.5555555555555
128869	609.0
2525	609.7222222222222
9374	609.7777777777778
249	610.7777777777778
90423	612.2222222222222
8707	612.2777777777778
635	613.5555555555555
51227	613.9444444444445
8813	614.3888888888889
8706	614.8333333333334
2132	615.1111111111111
189	615.6666666666666
570	615.8888888888889
129642	615.8888888888889
5427	618.0
10682	618.7777777777778
144193	620.6111111111111
80347	621.1666666666666
54963	623.3333333333334
5277	623.8888888888889
216	625.8333333333334
5105	626.8333333333334
203	626.9444444444445
5634	627.2222222222222
9533	627.4444444444445
10555	627.8888888888889
5743	628.2222222222222
79586	628.5555555555555
5441	628.6111111111111
84803	628.8333333333334
3030	629.3333333333334
3141	630.7222222222222
1892	630.8888888888889
23761	631.6666666666666
3707	632.2777777777778
527	635.2222222222222
155066	635.4444444444445
158	635.8333333333334
27306	636.1111111111111
2135	636.8888888888889
55454	636.9444444444445
374291	637.3333333333334
8790	638.9444444444445
8972	639.2222222222222
8869	639.3333333333334
1737	639.3333333333334
10195	639.3888888888889
9615	639.5555555555555
3417	640.7777777777778
10020	641.5
178	641.7222222222222
81888	641.8888888888889
84618	644.6666666666666
6480	644.9444444444445
54187	645.6666666666666
3291	646.6666666666666
3295	647.0555555555555
54802	647.4444444444445
8639	647.7222222222222
1553	649.7222222222222
53947	650.1111111111111
4245	651.7777777777778
3906	653.6111111111111
50700	656.8888888888889
1548	657.0
7166	660.7777777777778
1352	661.3888888888889
8801	664.9444444444445
384	665.0
8708	665.9444444444445
3422	666.4444444444445
10026	666.6666666666666
79369	667.0
8395	667.5
2182	668.7222222222222
1723	669.0555555555555
23417	670.0
3631	670.1666666666666
6489	670.5555555555555
5313	670.9444444444445
6296	671.5
112483	671.9444444444445
2618	673.6666666666666
346606	674.5555555555555
1786	676.2222222222222
64425	676.3888888888889
8703	676.6666666666666
23236	677.5555555555555
6476	680.8888888888889
30815	682.1111111111111
10007	683.0
1890	683.0555555555555
51196	684.6111111111111
32	684.6666666666666
10690	685.9444444444445
1757	687.7222222222222
5422	688.3888888888889
2224	688.6666666666666
4833	689.2777777777778
23530	689.5
55750	690.4444444444445
29906	691.0
4719	693.0555555555555
224	693.4444444444445
23649	693.6111111111111
93100	694.8888888888889
3633	695.0555555555555
51382	696.1111111111111
9551	696.3333333333334
353	697.2777777777778
6483	697.5
9104	698.3888888888889
29796	700.1666666666666
64902	700.6111111111111
51166	704.0
8871	704.8888888888889
5096	704.8888888888889
5558	706.1666666666666
5434	707.3333333333334
5440	708.3888888888889
259230	710.5555555555555
10390	713.8888888888889
4056	713.9444444444445
34	714.1111111111111
79087	715.7222222222222
51380	716.4444444444445
80055	716.5555555555555
529	716.8888888888889
7367	717.4444444444445
29929	718.0555555555555
9536	719.0555555555555
60495	719.2222222222222
316	719.5555555555555
271	722.3888888888889
4522	722.7222222222222
9514	723.5555555555555
84002	726.0
1588	727.3888888888889
10157	727.8888888888889
55512	727.9444444444445
5832	729.3333333333334
253558	729.5
1581	729.5555555555555
10476	729.8333333333334
2027	730.5555555555555
9550	731.1666666666666
5319	731.2777777777778
3034	731.7222222222222
79799	731.8333333333334
374378	731.9444444444445
139596	732.3888888888889
2572	732.8333333333334
506	733.2777777777778
2821	733.6111111111111
9489	733.6666666666666
79695	734.2222222222222
246	735.8333333333334
55790	736.3333333333334
56898	736.3888888888889
513	737.6111111111111
4967	737.7777777777778
6240	738.0
84920	739.3333333333334
51805	739.7777777777778
2593	740.0555555555555
7173	741.6111111111111
6303	741.7222222222222
11282	742.0555555555555
8821	743.7777777777778
5471	744.3333333333334
5372	744.5
6120	745.4444444444445
4942	745.5
55808	746.1666666666666
5436	746.1666666666666
4248	746.4444444444445
5048	748.1666666666666
51763	748.9444444444445
23483	749.6111111111111
31	751.8333333333334
2588	752.6666666666666
131	753.7222222222222
55821	757.4444444444445
5435	757.5555555555555
5860	757.5555555555555
84735	758.0
1798	758.3888888888889
162417	759.6111111111111
2581	759.7777777777778
5445	759.8333333333334
1543	760.0555555555555
29968	760.1666666666666
199857	761.8333333333334
9162	762.5555555555555
123099	763.0
4702	763.5555555555555
56655	763.9444444444445
3938	764.2222222222222
6999	764.5555555555555
6487	766.2777777777778
132789	766.8888888888889
30833	767.0555555555555
23057	767.7222222222222
27034	768.0555555555555
7384	768.3333333333334
64087	769.1666666666666
92483	769.2222222222222
10	769.8333333333334
79717	770.1666666666666
55312	770.1666666666666
11019	771.8333333333334
50617	772.0555555555555
26289	774.3333333333334
7371	774.4444444444445
51084	774.8888888888889
537	776.2777777777778
1557	776.2777777777778
883	777.7222222222222
4129	778.2222222222222
51733	778.3888888888889
6484	778.8888888888889
169355	778.8888888888889
1056	780.5
8877	782.4444444444445
5297	783.1111111111111
212	784.7777777777778
1327	785.7777777777778
5337	787.1111111111111
1789	787.3888888888889
8974	787.5
79888	787.7222222222222
38	788.3888888888889
8702	788.6111111111111
523	788.9444444444445
383	789.0
1717	789.5555555555555
9380	789.6666666666666
2990	790.0
1579	790.5555555555555
3615	791.7222222222222
11285	791.7777777777778
57452	792.6111111111111
10841	792.8333333333334
349565	794.0
55300	794.9444444444445
1593	795.0555555555555
130013	795.2777777777778
1537	795.9444444444445
3292	797.2222222222222
25796	798.7222222222222
5432	798.7777777777778
240	798.7777777777778
79868	798.8333333333334
5859	799.2777777777778
22978	799.4444444444445
2954	800.5555555555555
3704	800.8888888888889
57134	800.9444444444445
4598	801.3333333333334
22934	801.5555555555555
22929	802.3333333333334
54675	803.3888888888889
160287	803.5
8540	803.6111111111111
122481	804.2222222222222
50614	804.6666666666666
15	804.9444444444445
6391	805.4444444444445
35	806.6111111111111
1787	806.6666666666666
55191	807.1666666666666
10714	808.6111111111111
4247	808.7777777777778
2585	809.1111111111111
250	809.2777777777778
6610	810.0555555555555
873	811.5555555555555
83549	811.9444444444445
4716	812.0555555555555
2673	812.2222222222222
27087	813.3888888888889
229	813.7222222222222
2590	813.7777777777778
1329	814.1666666666666
683	814.8333333333334
5538	815.0555555555555
2026	817.2777777777778
56474	817.5555555555555
51074	818.5555555555555
4048	819.4444444444445
56922	820.1666666666666
7360	820.3888888888889
6482	821.1111111111111
51268	821.2222222222222
3101	821.3333333333334
1738	822.0
1718	823.1111111111111
5428	824.1111111111111
5426	825.6666666666666
10327	826.3333333333334
4701	827.9444444444445
29920	828.0
84890	829.6666666666666
128	829.6666666666666
5161	829.7777777777778
204	830.7777777777778
3155	831.1666666666666
6309	831.7222222222222
4713	832.2222222222222
5049	832.9444444444445
2194	833.6111111111111
84812	834.2222222222222
2752	834.6666666666666
10554	835.1666666666666
9060	835.2777777777778
10632	835.5555555555555
8942	836.0555555555555
4597	836.0555555555555
9114	836.8333333333334
25902	838.8888888888889
2628	839.6111111111111
874	839.6666666666666
26301	840.3333333333334
3074	841.0555555555555
5289	841.2222222222222
1629	841.5555555555555
4704	842.2777777777778
4524	843.7222222222222
2744	843.9444444444445
1109	844.8333333333334
245973	845.7777777777778
5333	845.8333333333334
8612	846.1666666666666
37	846.3333333333334
4190	846.5
1650	846.7777777777778
6888	847.0555555555555
7385	847.1666666666666
4714	847.4444444444445
51727	847.5
4351	847.8888888888889
2526	848.2777777777778
5279	848.8333333333334
60490	848.8888888888889
3620	849.3888888888889
29947	850.7777777777778
220	851.1666666666666
85465	851.6666666666666
8398	852.5
2712	852.8333333333334
80025	853.9444444444445
10402	854.2222222222222
2131	855.1666666666666
56267	855.6666666666666
4720	855.7222222222222
1806	856.9444444444445
192134	857.3333333333334
23382	858.2777777777778
129607	858.2777777777778
1340	858.6111111111111
162466	859.5
5162	859.7222222222222
952	859.9444444444445
2937	861.5555555555555
121278	862.1111111111111
56894	863.3333333333334
5130	864.7777777777778
2729	866.5
144245	866.6666666666666
23396	867.4444444444445
30	867.6666666666666
4726	868.9444444444445
124	871.6666666666666
4697	871.8888888888889
81490	873.2777777777778
7841	873.3333333333334
27089	874.7222222222222
9791	874.8888888888889
3032	875.2777777777778
93034	876.1666666666666
8509	877.6666666666666
126328	879.1111111111111
533	880.5
47	881.7222222222222
2023	882.7222222222222
7372	884.7222222222222
124454	886.1111111111111
4728	886.4444444444445
95	888.8333333333334
5286	890.2222222222222
5498	890.3888888888889
54344	892.3333333333334
2524	894.1666666666666
10312	895.3333333333334
2643	895.6666666666666
4832	895.8888888888889
7389	896.4444444444445
64579	897.7777777777778
9588	898.0555555555555
113026	898.5555555555555
445	898.7777777777778
5033	899.6666666666666
8704	900.8333333333334
10622	902.0
79611	902.1111111111111
9453	902.1666666666666
4594	902.1666666666666
3632	902.8888888888889
26035	902.8888888888889
10331	903.8333333333334
534	906.8333333333334
11128	907.5
55276	909.7222222222222
171568	912.2222222222222
29880	913.0
2710	913.8888888888889
3156	915.2222222222222
4708	916.2777777777778
50	920.0555555555555
55902	921.0
2987	922.5555555555555
4698	922.7222222222222
56848	923.5555555555555
10621	928.0
9091	930.7222222222222
5425	930.8333333333334
132158	931.5555555555555
4837	932.5555555555555
5431	936.8333333333334
2589	938.5
159	939.7222222222222
80308	940.5
8050	944.0555555555555
2356	959.8888888888889
