# Order in which each feature was ranked by the feature-selection algorithm. When cross-validation was used, the values represent average ranks across the folds. Note that these values are calculated on the assumption that all features received a rank, whereas some feature-selection algorithms do not assign ranks to all.
Feature	Rank
11168	1.0
5478	2.0
5440	3.0
3055	4.0
5719	5.0
5690	6.0
5705	7.0
348995	8.0
6875	9.0
23225	10.0
5432	11.0
55690	12.0
6921	13.0
160	14.0
2547	15.0
2962	16.0
904	17.0
5691	18.0
6500	19.0
2958	20.0
2957	21.0
11097	22.0
7314	23.0
5721	24.0
291	25.0
5684	26.0
130340	27.0
2965	28.0
162	29.0
5709	30.0
6749	31.0
2967	32.0
8480	33.0
5700	34.0
5686	35.0
5696	36.0
8178	37.0
5694	38.0
6827	39.0
2963	40.0
129401	41.0
23279	42.0
4331	43.0
5879	44.0
5701	45.0
8905	46.0
5902	47.0
5693	48.0
6880	49.0
161	50.0
9844	51.0
5704	52.0
5434	53.0
8086	54.0
55746	55.0
5903	56.0
9861	57.0
5689	58.0
2071	59.0
1173	60.0
5714	61.0
5433	62.0
2237	63.0
6883	64.0
5430	65.0
8945	66.0
3981	67.0
5435	68.0
3932	69.0
5901	70.0
6923	71.0
940	72.0
9883	73.0
5702	74.0
22916	75.0
6917	76.0
81929	77.0
4927	78.0
2068	79.0
3159	80.0
1022	81.0
5431	82.0
5692	83.0
9972	84.0
6881	85.0
8815	86.0
1234	87.0
5707	88.0
2534	89.0
9978	90.0
5718	91.0
10197	92.0
1175	93.0
79902	94.0
8907	95.0
9150	96.0
5710	97.0
163	98.0
5716	99.0
3836	100.0
5688	101.0
7514	102.0
5713	103.0
5720	104.0
567	105.0
5436	106.0
2959	107.0
8021	108.0
9688	109.0
5437	110.0
5682	111.0
5687	112.0
10762	113.0
7469	114.0
7175	115.0
6884	116.0
5695	117.0
2968	118.0
6882	119.0
292	120.0
7936	121.0
6878	122.0
4869	123.0
1025	124.0
5439	125.0
4686	126.0
79023	127.0
164	128.0
6924	129.0
5706	130.0
5717	131.0
375	132.0
4928	133.0
8732	134.0
5708	135.0
5685	136.0
51497	137.0
7518	138.0
57122	139.0
7852	140.0
60489	141.0
920	142.0
5698	143.0
23165	144.0
3978	145.0
10213	146.0
23511	147.0
8731	148.0
5711	149.0
53371	150.0
3837	151.0
5715	152.0
7520	153.0
5062	154.0
6908	155.0
6829	156.0
10053	157.0
902	158.0
1794	159.0
9818	160.0
11198	161.0
9491	162.0
2960	163.0
2961	164.0
5438	165.0
8065	166.0
5683	167.0
6872	168.0
6877	169.0
25920	170.0
6874	171.0
919	172.0
5699	173.0
5441	174.0
5905	175.0
1174	176.0
51606	177.0
9631	178.0
